48	560	7
48	651	1
48	730	3
48	830	22
48	877	1
48	914	1
48	947	1
48	1537	4
48	1702	22
48	1772	3
48	1835	2
48	2407	5
48	2425	5
48	2536	1
48	2650	8
48	2669	7
48	2680	2
48	3033	2
48	3042	2
48	3264	7
48	3292	3
48	3426	8
48	3446	1
48	3536	1
48	3609	5
48	3659	11
48	3903	4
48	4019	7
48	4388	5
48	4422	1
48	4482	1
48	4602	2
48	4621	4
48	4735	4
48	4775	1
48	4986	3
48	4999	1
48	5021	2
48	5091	3
48	5194	2
48	5213	3
48	5244	3
48	5275	9
48	5294	2
48	5465	3
48	5726	5
48	5823	2
48	6300	3
48	6622	9
48	6770	2
48	6846	2
48	6922	3
48	7081	1
48	7239	1
48	7431	1
48	7501	1
48	7506	4
48	7623	2
48	7656	1
48	7739	1
48	7852	1
48	7935	3
48	8060	1
48	8105	1
48	8286	8
48	8644	2
48	8684	1
48	8728	1
48	8733	2
48	8866	1
48	8973	1
48	9078	1
48	9264	3
48	9265	13
48	9588	1
48	9604	6
48	9708	2
48	9816	6
48	9931	1
99	560	2
99	651	4
99	730	2
99	830	11
99	877	1
99	1537	13
99	1702	12
99	1772	2
99	1835	3
99	2376	2
99	2407	2
99	2425	1
99	2536	4
99	2650	3
99	2669	5
99	2680	2
99	3033	1
99	3042	10
99	3264	3
99	3426	6
99	3446	1
99	3536	3
99	3659	5
99	3777	9
99	3903	3
99	3972	5
99	4019	2
99	4369	1
99	4388	1
99	4422	1
99	4482	1
99	4602	4
99	4621	1
99	4986	1
99	4999	2
99	5053	1
99	5091	3
99	5213	1
99	5275	7
99	5465	1
99	5726	1
99	5823	13
99	6300	1
99	6341	4
99	6622	2
99	6770	2
99	6817	1
99	6846	6
99	6911	1
99	6922	4
99	7036	2
99	7081	3
99	7239	1
99	7431	2
99	7506	1
99	7623	1
99	7656	3
99	7852	2
99	7935	1
99	8105	4
99	8143	3
99	8286	3
99	8644	1
99	8684	3
99	8728	1
99	8775	1
99	8866	1
99	8973	1
99	9067	7
99	9078	1
99	9264	2
99	9265	6
99	9604	1
99	9708	2
99	9931	1
560	830	67
560	877	2
560	914	1
560	1537	10
560	1575	5
560	1702	54
560	1772	1
560	1835	11
560	1872	1
560	2376	1
560	2407	9
560	2425	10
560	2536	4
560	2650	15
560	2669	10
560	2680	12
560	2698	4
560	2883	1
560	3033	3
560	3042	3
560	3264	16
560	3292	1
560	3426	4
560	3446	6
560	3536	5
560	3609	35
560	3659	19
560	3777	1
560	3903	6
560	4019	17
560	4388	5
560	4422	5
560	4482	6
560	4602	3
560	4621	17
560	4735	13
560	4775	3
560	4807	4
560	4821	3
560	4986	8
560	5021	7
560	5053	1
560	5091	8
560	5194	1
560	5213	1
560	5244	6
560	5275	16
560	5294	3
560	5465	1
560	5726	9
560	5823	5
560	6300	1
560	6341	1
560	6447	1
560	6622	18
560	6817	1
560	6846	2
560	6911	2
560	6922	2
560	7036	1
560	7081	1
560	7239	2
560	7339	2
560	7501	14
560	7506	2
560	7623	5
560	7656	3
560	7739	8
560	7852	1
560	7935	8
560	8060	3
560	8105	1
560	8286	6
560	8644	4
560	8684	2
560	8728	2
560	8733	7
560	8866	2
560	8973	1
560	9265	56
560	9588	3
560	9604	6
560	9708	3
560	9816	1
651	830	20
651	877	2
651	947	1
651	1537	2
651	1702	8
651	2376	2
651	2407	2
651	2425	1
651	2536	5
651	2650	2
651	2669	6
651	2680	4
651	2883	1
651	3042	3
651	3264	1
651	3446	1
651	3536	1
651	3609	1
651	3659	5
651	3777	7
651	3903	1
651	3972	2
651	4369	4
651	4388	1
651	4775	1
651	4999	1
651	5053	3
651	5091	1
651	5213	1
651	5275	6
651	5726	1
651	6300	5
651	6341	1
651	6447	2
651	6622	3
651	6770	2
651	6846	2
651	6922	1
651	7239	2
651	7431	2
651	7501	1
651	7656	2
651	7935	1
651	8060	3
651	8143	7
651	8286	1
651	8684	3
651	8733	1
651	9264	2
651	9265	2
651	9588	1
651	9604	2
651	9816	1
730	830	5
730	947	1
730	1537	2
730	1702	2
730	1772	1
730	2407	1
730	2425	1
730	2536	1
730	2650	1
730	2680	1
730	3042	5
730	3264	4
730	3426	3
730	3609	1
730	3972	1
730	4019	2
730	4388	1
730	4482	1
730	4986	2
730	5091	2
730	5194	1
730	5275	1
730	5465	1
730	5823	6
730	6622	2
730	7081	1
730	7239	1
730	7431	1
730	7501	1
730	8286	2
730	9604	1
730	9931	1
830	877	16
830	914	7
830	947	10
830	1537	61
830	1575	21
830	1702	227
830	1772	20
830	1835	42
830	1872	6
830	2376	21
830	2407	36
830	2425	51
830	2536	26
830	2650	69
830	2669	64
830	2680	89
830	2698	16
830	2883	8
830	3033	5
830	3042	13
830	3264	45
830	3292	5
830	3426	39
830	3446	19
830	3536	20
830	3609	125
830	3659	104
830	3777	1
830	3903	15
830	3972	11
830	4019	51
830	4369	4
830	4388	31
830	4422	16
830	4482	21
830	4602	15
830	4621	70
830	4735	51
830	4775	15
830	4807	7
830	4821	20
830	4986	20
830	4999	3
830	5021	14
830	5053	10
830	5091	46
830	5194	17
830	5213	19
830	5244	20
830	5275	94
830	5294	15
830	5465	11
830	5726	12
830	5823	17
830	6300	18
830	6341	10
830	6447	10
830	6622	76
830	6770	4
830	6817	6
830	6846	15
830	6911	5
830	6922	16
830	7036	4
830	7081	11
830	7239	29
830	7339	7
830	7431	4
830	7501	42
830	7506	16
830	7623	21
830	7656	22
830	7739	30
830	7852	2
830	7935	14
830	8060	26
830	8105	3
830	8143	5
830	8286	52
830	8644	12
830	8684	19
830	8728	9
830	8733	25
830	8775	1
830	8866	9
830	8973	7
830	9067	15
830	9078	9
830	9264	6
830	9265	187
830	9588	7
830	9604	42
830	9708	21
830	9816	6
830	9931	8
877	1537	6
877	1702	12
877	1772	1
877	1835	3
877	1872	2
877	2376	1
877	2425	2
877	2650	3
877	2669	5
877	2680	1
877	2698	2
877	3042	4
877	3264	5
877	3292	1
877	3426	2
877	3446	1
877	3536	1
877	3609	5
877	3659	8
877	3903	1
877	3972	2
877	4019	3
877	4422	1
877	4602	1
877	4775	1
877	4986	2
877	5053	1
877	5091	3
877	5194	5
877	5244	1
877	5275	12
877	5294	1
877	5726	2
877	5823	3
877	6300	2
877	6622	9
877	6817	1
877	6846	3
877	6911	1
877	6922	1
877	7081	2
877	7431	1
877	7506	1
877	7656	1
877	7935	1
877	8105	1
877	8286	6
877	8644	1
877	8684	1
877	8728	1
877	9067	1
877	9078	1
877	9264	1
877	9265	10
877	9604	1
877	9708	1
914	1537	1
914	1575	2
914	1702	10
914	1772	2
914	2425	7
914	2536	2
914	2669	8
914	2680	3
914	2698	1
914	3426	1
914	3446	2
914	3609	5
914	3659	6
914	3903	1
914	3972	3
914	4019	1
914	4388	3
914	4602	2
914	4621	3
914	4821	1
914	4986	1
914	4999	1
914	5021	1
914	5053	1
914	5091	3
914	5213	3
914	5244	1
914	5275	4
914	5823	7
914	6300	3
914	6622	2
914	6770	3
914	6846	2
914	6911	2
914	6922	4
914	7081	2
914	7239	2
914	7339	3
914	7431	1
914	7852	1
914	8060	1
914	8286	1
914	8644	1
914	8684	2
914	8728	2
914	8866	1
914	8973	1
914	9067	1
914	9265	3
914	9588	1
914	9604	4
914	9708	2
914	9816	1
914	9931	1
947	1537	2
947	1702	6
947	1772	1
947	2407	1
947	2425	1
947	2536	1
947	2650	2
947	2669	2
947	2680	6
947	2883	1
947	3536	1
947	3609	6
947	3659	5
947	4388	3
947	4621	1
947	4735	1
947	5091	4
947	5194	1
947	5213	1
947	5275	4
947	5294	1
947	6300	3
947	6341	1
947	6447	2
947	7081	1
947	7501	1
947	8060	8
947	8733	1
947	9265	6
947	9708	1
947	9816	1
1537	1575	4
1537	1702	53
1537	1772	3
1537	1835	10
1537	1872	1
1537	2376	4
1537	2407	4
1537	2425	5
1537	2536	9
1537	2650	8
1537	2669	15
1537	2680	17
1537	2698	5
1537	2883	2
1537	3033	3
1537	3042	4
1537	3264	20
1537	3292	3
1537	3426	14
1537	3446	5
1537	3536	6
1537	3609	30
1537	3659	43
1537	3777	3
1537	3903	2
1537	3972	6
1537	4019	10
1537	4388	12
1537	4422	3
1537	4482	11
1537	4602	9
1537	4621	19
1537	4735	11
1537	4775	4
1537	4821	7
1537	4986	16
1537	5021	3
1537	5053	2
1537	5091	20
1537	5194	2
1537	5213	3
1537	5244	4
1537	5275	45
1537	5726	5
1537	5823	8
1537	6300	6
1537	6341	11
1537	6447	3
1537	6622	16
1537	6770	3
1537	6817	4
1537	6846	7
1537	6911	1
1537	6922	4
1537	7036	1
1537	7081	7
1537	7239	2
1537	7339	1
1537	7431	3
1537	7501	9
1537	7506	9
1537	7623	10
1537	7656	7
1537	7739	6
1537	7852	3
1537	7935	3
1537	8105	4
1537	8286	16
1537	8684	5
1537	8728	1
1537	8733	3
1537	8775	7
1537	8866	2
1537	8973	5
1537	9067	18
1537	9078	1
1537	9264	5
1537	9265	39
1537	9588	4
1537	9604	10
1537	9708	7
1537	9816	2
1537	9931	4
1575	1702	23
1575	1772	4
1575	1872	1
1575	2376	1
1575	2425	10
1575	2536	1
1575	2650	5
1575	2669	3
1575	2680	6
1575	2698	1
1575	2883	4
1575	3042	4
1575	3264	2
1575	3426	3
1575	3446	8
1575	3609	10
1575	3659	23
1575	3972	4
1575	4019	4
1575	4388	1
1575	4602	4
1575	4621	2
1575	4735	2
1575	4775	1
1575	4821	1
1575	4986	1
1575	4999	1
1575	5021	3
1575	5053	1
1575	5091	5
1575	5213	1
1575	5244	3
1575	5275	8
1575	5726	1
1575	5823	4
1575	6300	2
1575	6622	6
1575	6817	2
1575	6846	2
1575	6922	2
1575	7036	1
1575	7081	2
1575	7239	1
1575	7339	1
1575	7501	2
1575	7506	1
1575	7623	1
1575	7935	1
1575	8060	1
1575	8286	3
1575	8684	2
1575	8728	3
1575	8866	2
1575	9067	1
1575	9078	1
1575	9265	15
1575	9604	6
1575	9931	2
1702	1772	25
1702	1835	28
1702	1872	4
1702	2376	15
1702	2407	27
1702	2425	51
1702	2536	35
1702	2650	41
1702	2669	39
1702	2680	63
1702	2698	10
1702	2883	6
1702	3033	11
1702	3042	14
1702	3264	33
1702	3292	6
1702	3426	46
1702	3446	24
1702	3536	17
1702	3609	100
1702	3659	115
1702	3903	13
1702	3972	17
1702	4019	46
1702	4369	2
1702	4388	24
1702	4422	14
1702	4482	22
1702	4602	13
1702	4621	56
1702	4735	23
1702	4775	12
1702	4807	11
1702	4821	12
1702	4986	23
1702	4999	5
1702	5021	16
1702	5053	6
1702	5091	42
1702	5194	8
1702	5213	13
1702	5244	22
1702	5275	85
1702	5294	9
1702	5465	7
1702	5726	23
1702	5823	19
1702	6300	18
1702	6341	7
1702	6447	8
1702	6622	54
1702	6770	5
1702	6817	6
1702	6846	29
1702	6911	16
1702	6922	20
1702	7036	7
1702	7081	7
1702	7239	21
1702	7339	9
1702	7431	9
1702	7501	26
1702	7506	12
1702	7623	13
1702	7656	8
1702	7739	24
1702	7852	5
1702	7935	8
1702	8060	20
1702	8105	4
1702	8143	1
1702	8286	63
1702	8644	13
1702	8684	19
1702	8728	12
1702	8733	13
1702	8775	6
1702	8866	15
1702	8973	7
1702	9067	15
1702	9078	6
1702	9264	14
1702	9265	162
1702	9588	10
1702	9604	31
1702	9708	17
1702	9816	9
1702	9931	7
1772	1835	1
1772	2407	1
1772	2425	6
1772	2536	7
1772	2650	6
1772	2669	6
1772	2680	5
1772	2698	1
1772	3042	1
1772	3264	3
1772	3426	7
1772	3446	3
1772	3609	6
1772	3659	13
1772	3903	2
1772	3972	4
1772	4019	2
1772	4388	6
1772	4602	4
1772	4621	3
1772	4735	4
1772	4775	1
1772	4807	1
1772	4986	2
1772	4999	4
1772	5021	4
1772	5091	4
1772	5213	2
1772	5244	1
1772	5275	7
1772	5294	1
1772	5465	4
1772	5726	7
1772	5823	2
1772	6300	4
1772	6622	4
1772	6846	7
1772	6911	2
1772	6922	2
1772	7081	1
1772	7239	4
1772	7431	1
1772	7501	3
1772	7506	1
1772	7623	1
1772	7656	1
1772	7935	1
1772	8286	7
1772	8644	2
1772	8684	2
1772	8728	1
1772	8866	1
1772	8973	1
1772	9067	1
1772	9078	2
1772	9264	3
1772	9265	11
1772	9588	1
1772	9604	3
1772	9816	1
1835	1872	3
1835	2376	2
1835	2407	4
1835	2425	4
1835	2536	4
1835	2650	9
1835	2669	7
1835	2680	11
1835	2698	2
1835	2883	1
1835	3042	2
1835	3264	6
1835	3292	4
1835	3426	4
1835	3446	2
1835	3536	2
1835	3609	15
1835	3659	12
1835	3777	1
1835	3903	2
1835	3972	1
1835	4019	2
1835	4388	5
1835	4422	4
1835	4482	1
1835	4621	6
1835	4735	6
1835	4807	3
1835	4821	7
1835	4986	5
1835	5091	9
1835	5244	6
1835	5275	9
1835	5294	4
1835	5726	1
1835	5823	2
1835	6300	1
1835	6341	1
1835	6622	8
1835	6922	2
1835	7081	3
1835	7239	3
1835	7339	1
1835	7501	12
1835	7506	3
1835	7623	1
1835	7656	2
1835	7739	1
1835	7935	4
1835	8060	3
1835	8286	5
1835	8644	1
1835	8684	5
1835	8728	2
1835	8733	3
1835	8866	1
1835	8973	1
1835	9078	1
1835	9265	24
1835	9604	6
1835	9708	1
1835	9816	1
1872	2407	2
1872	2425	1
1872	2669	3
1872	2680	2
1872	3264	6
1872	3292	1
1872	3426	2
1872	3609	3
1872	3659	2
1872	4602	1
1872	4621	1
1872	4986	1
1872	5091	4
1872	5275	13
1872	5294	2
1872	5823	2
1872	6622	3
1872	7506	2
1872	7935	1
1872	8286	1
1872	9067	1
1872	9265	7
1872	9931	1
2376	2407	3
2376	2425	2
2376	2536	3
2376	2650	3
2376	2669	2
2376	2680	2
2376	2883	2
2376	3033	1
2376	3264	4
2376	3426	1
2376	3446	2
2376	3609	4
2376	3659	10
2376	3903	1
2376	3972	2
2376	4019	4
2376	4388	1
2376	4482	2
2376	4602	3
2376	4621	8
2376	4735	2
2376	4775	4
2376	4986	3
2376	5091	3
2376	5194	1
2376	5213	3
2376	5244	2
2376	5275	4
2376	5465	1
2376	5823	6
2376	6622	7
2376	6846	2
2376	6922	3
2376	7081	3
2376	7506	2
2376	7623	2
2376	7739	2
2376	7852	1
2376	7935	2
2376	8143	1
2376	8286	6
2376	8728	2
2376	8733	2
2376	8775	1
2376	8866	2
2376	9078	1
2376	9265	12
2376	9604	5
2376	9931	2
2407	2425	3
2407	2536	5
2407	2650	6
2407	2669	9
2407	2680	10
2407	2883	2
2407	3033	2
2407	3264	6
2407	3292	1
2407	3446	2
2407	3536	2
2407	3609	8
2407	3659	17
2407	3903	1
2407	3972	1
2407	4019	12
2407	4369	1
2407	4388	10
2407	4422	2
2407	4482	2
2407	4602	2
2407	4621	17
2407	4735	2
2407	4775	2
2407	4807	1
2407	4821	4
2407	4986	6
2407	5021	1
2407	5053	1
2407	5091	10
2407	5194	1
2407	5213	1
2407	5244	8
2407	5275	6
2407	5294	1
2407	5726	1
2407	6300	2
2407	6341	3
2407	6622	8
2407	6846	2
2407	6922	2
2407	7036	2
2407	7081	2
2407	7239	7
2407	7501	2
2407	7506	4
2407	7623	10
2407	7656	5
2407	7739	4
2407	7852	2
2407	7935	3
2407	8060	3
2407	8143	1
2407	8286	1
2407	8644	4
2407	8684	5
2407	8733	4
2407	8775	2
2407	8866	4
2407	8973	1
2407	9067	1
2407	9078	1
2407	9265	33
2407	9588	1
2407	9604	9
2407	9708	1
2407	9931	1
2425	2536	3
2425	2650	13
2425	2669	9
2425	2680	17
2425	2698	1
2425	2883	4
2425	3033	1
2425	3042	6
2425	3264	9
2425	3292	1
2425	3426	6
2425	3446	10
2425	3536	2
2425	3609	38
2425	3659	16
2425	3903	4
2425	3972	2
2425	4019	5
2425	4388	7
2425	4422	1
2425	4482	1
2425	4602	4
2425	4621	5
2425	4735	8
2425	4775	2
2425	4807	2
2425	4821	2
2425	4986	1
2425	4999	1
2425	5021	3
2425	5053	1
2425	5091	7
2425	5194	4
2425	5213	3
2425	5275	17
2425	5294	6
2425	5465	3
2425	5726	6
2425	5823	8
2425	6300	2
2425	6447	3
2425	6622	16
2425	6817	3
2425	6846	2
2425	6922	1
2425	7081	5
2425	7239	6
2425	7339	1
2425	7431	3
2425	7501	5
2425	7506	4
2425	7656	1
2425	7852	1
2425	7935	2
2425	8060	2
2425	8143	1
2425	8286	13
2425	8644	2
2425	8684	3
2425	8733	3
2425	8866	1
2425	9067	1
2425	9078	2
2425	9264	1
2425	9265	28
2425	9588	1
2425	9604	7
2425	9708	3
2425	9931	2
2536	2650	15
2536	2669	9
2536	2680	7
2536	2698	1
2536	2883	1
2536	3033	3
2536	3042	3
2536	3264	4
2536	3292	1
2536	3426	11
2536	3536	1
2536	3609	9
2536	3659	11
2536	3777	1
2536	3972	9
2536	4019	2
2536	4369	1
2536	4388	7
2536	4422	3
2536	4482	3
2536	4602	1
2536	4621	9
2536	4735	4
2536	4775	2
2536	4807	1
2536	4821	1
2536	4986	4
2536	4999	1
2536	5053	2
2536	5091	9
2536	5194	1
2536	5213	2
2536	5244	1
2536	5275	24
2536	5726	6
2536	5823	1
2536	6300	5
2536	6341	1
2536	6447	1
2536	6622	7
2536	6846	15
2536	6911	6
2536	6922	2
2536	7036	1
2536	7081	5
2536	7239	5
2536	7339	1
2536	7431	2
2536	7501	1
2536	7506	1
2536	7623	2
2536	7656	5
2536	7739	2
2536	7935	1
2536	8060	2
2536	8105	1
2536	8143	1
2536	8286	16
2536	8644	6
2536	8684	4
2536	8728	3
2536	8733	1
2536	8866	3
2536	8973	4
2536	9067	1
2536	9078	1
2536	9264	6
2536	9265	22
2536	9588	3
2536	9604	5
2536	9816	1
2536	9931	2
2650	2669	16
2650	2680	19
2650	2698	4
2650	2883	2
2650	3033	4
2650	3042	12
2650	3264	15
2650	3292	1
2650	3426	14
2650	3446	6
2650	3536	7
2650	3609	28
2650	3659	24
2650	3903	2
2650	3972	4
2650	4019	16
2650	4369	2
2650	4388	8
2650	4482	6
2650	4602	5
2650	4621	22
2650	4735	12
2650	4775	3
2650	4807	1
2650	4821	2
2650	4986	6
2650	5021	7
2650	5053	2
2650	5091	8
2650	5194	2
2650	5213	6
2650	5244	7
2650	5275	18
2650	5294	3
2650	5465	1
2650	5726	8
2650	5823	10
2650	6300	7
2650	6341	4
2650	6447	2
2650	6622	19
2650	6817	1
2650	6846	7
2650	6911	5
2650	6922	3
2650	7081	5
2650	7239	7
2650	7339	2
2650	7431	2
2650	7501	8
2650	7506	2
2650	7623	5
2650	7656	9
2650	7739	11
2650	7852	2
2650	7935	4
2650	8060	3
2650	8105	3
2650	8286	13
2650	8644	2
2650	8684	8
2650	8728	3
2650	8733	5
2650	8866	1
2650	8973	3
2650	9067	5
2650	9078	1
2650	9264	2
2650	9265	52
2650	9588	4
2650	9604	11
2650	9708	6
2650	9816	4
2650	9931	2
2669	2680	4
2669	3033	3
2669	3042	2
2669	3264	12
2669	3292	3
2669	3426	10
2669	3446	3
2669	3536	4
2669	3609	24
2669	3659	23
2669	3903	5
2669	3972	6
2669	4019	12
2669	4369	1
2669	4388	12
2669	4422	2
2669	4482	4
2669	4602	1
2669	4621	24
2669	4735	6
2669	4775	4
2669	4807	5
2669	4821	6
2669	4986	4
2669	5021	1
2669	5053	1
2669	5091	8
2669	5194	2
2669	5244	8
2669	5275	35
2669	5294	2
2669	5465	1
2669	5726	5
2669	5823	4
2669	6300	6
2669	6341	3
2669	6447	2
2669	6622	23
2669	6770	1
2669	6817	2
2669	6846	12
2669	6911	3
2669	6922	1
2669	7036	1
2669	7081	5
2669	7239	3
2669	7339	2
2669	7431	4
2669	7501	7
2669	7506	4
2669	7623	4
2669	7656	4
2669	7739	6
2669	7852	1
2669	7935	4
2669	8060	7
2669	8105	1
2669	8143	2
2669	8286	16
2669	8684	5
2669	8728	5
2669	8733	6
2669	8866	4
2669	8973	4
2669	9067	6
2669	9078	1
2669	9264	2
2669	9265	49
2669	9588	2
2669	9604	5
2669	9708	8
2669	9816	1
2669	9931	3
2680	2698	6
2680	3033	1
2680	3042	1
2680	3264	12
2680	3292	3
2680	3426	16
2680	3446	2
2680	3536	12
2680	3609	44
2680	3659	29
2680	3903	3
2680	4019	6
2680	4388	10
2680	4422	2
2680	4482	1
2680	4602	6
2680	4621	16
2680	4735	21
2680	4775	2
2680	4807	1
2680	4821	4
2680	4986	6
2680	4999	1
2680	5021	3
2680	5053	4
2680	5091	12
2680	5194	6
2680	5213	2
2680	5244	6
2680	5275	31
2680	5294	11
2680	5465	3
2680	5726	5
2680	5823	2
2680	6300	7
2680	6341	3
2680	6447	7
2680	6622	8
2680	6770	1
2680	6846	4
2680	6911	2
2680	6922	2
2680	7036	2
2680	7081	2
2680	7239	3
2680	7431	5
2680	7501	17
2680	7506	5
2680	7623	8
2680	7656	6
2680	7739	5
2680	7852	1
2680	7935	2
2680	8060	15
2680	8105	1
2680	8286	12
2680	8644	6
2680	8684	3
2680	8728	2
2680	8733	8
2680	8775	2
2680	8866	1
2680	8973	1
2680	9067	3
2680	9078	5
2680	9264	3
2680	9265	56
2680	9588	3
2680	9604	7
2680	9708	2
2680	9816	2
2680	9931	4
2698	3033	3
2698	3264	5
2698	3292	1
2698	3426	2
2698	3446	2
2698	3536	2
2698	3609	6
2698	3659	6
2698	3903	1
2698	4019	5
2698	4388	1
2698	4602	1
2698	4735	6
2698	4775	1
2698	4821	1
2698	4986	1
2698	5091	3
2698	5194	1
2698	5213	1
2698	5244	3
2698	5275	6
2698	5294	3
2698	5465	1
2698	6300	2
2698	6622	1
2698	7081	1
2698	7239	3
2698	7339	1
2698	7501	5
2698	7623	2
2698	7656	2
2698	7739	1
2698	7852	1
2698	8060	2
2698	8105	1
2698	8286	2
2698	8644	1
2698	8733	1
2698	8775	1
2698	8866	1
2698	9265	9
2698	9604	2
2698	9816	1
2883	3042	1
2883	3264	3
2883	3446	1
2883	3536	1
2883	3609	5
2883	3659	9
2883	3972	1
2883	4019	2
2883	4482	1
2883	4621	5
2883	4775	1
2883	4807	1
2883	4821	1
2883	4986	3
2883	5021	1
2883	5091	2
2883	5213	2
2883	5294	1
2883	5726	2
2883	5823	1
2883	6622	4
2883	6817	1
2883	6846	1
2883	6922	1
2883	7431	1
2883	7656	3
2883	7739	2
2883	7852	1
2883	7935	1
2883	8286	1
2883	8684	1
2883	8728	1
2883	8775	1
2883	9078	1
2883	9265	8
2883	9604	1
2883	9816	1
3033	3042	1
3033	3264	1
3033	3292	1
3033	3426	1
3033	3446	1
3033	3536	1
3033	3609	2
3033	3659	4
3033	3972	4
3033	4019	2
3033	4369	1
3033	4482	1
3033	4621	3
3033	4775	3
3033	4821	2
3033	4986	1
3033	4999	1
3033	5091	3
3033	5213	8
3033	5244	4
3033	5275	7
3033	6300	6
3033	6341	1
3033	6622	1
3033	6846	2
3033	6911	1
3033	6922	3
3033	7036	1
3033	7081	1
3033	7239	1
3033	7339	3
3033	7501	1
3033	7506	1
3033	7623	2
3033	7656	1
3033	7739	4
3033	7852	1
3033	8060	1
3033	8286	1
3033	8684	2
3033	8728	3
3033	8733	1
3033	8866	1
3033	9067	1
3033	9078	2
3033	9265	13
3033	9604	5
3033	9708	3
3033	9816	2
3033	9931	1
3042	3264	3
3042	3292	2
3042	3426	6
3042	3446	3
3042	3536	2
3042	3609	5
3042	3659	9
3042	3777	5
3042	3972	4
3042	4019	3
3042	4369	5
3042	4482	2
3042	4602	3
3042	4621	7
3042	4735	1
3042	4986	3
3042	4999	1
3042	5021	2
3042	5091	1
3042	5194	2
3042	5275	9
3042	5294	1
3042	5726	4
3042	5823	16
3042	6300	1
3042	6341	5
3042	6622	9
3042	6770	3
3042	6817	11
3042	6846	2
3042	6922	3
3042	7081	6
3042	7656	1
3042	7852	2
3042	7935	1
3042	8105	3
3042	8143	3
3042	8286	9
3042	8684	4
3042	8728	2
3042	9067	2
3042	9264	2
3042	9265	8
3042	9588	3
3042	9604	5
3042	9708	2
3042	9931	1
3264	3292	1
3264	3426	11
3264	3446	1
3264	3536	4
3264	3609	27
3264	3659	16
3264	3777	1
3264	3903	2
3264	3972	5
3264	4019	13
3264	4369	1
3264	4388	6
3264	4422	2
3264	4482	4
3264	4602	2
3264	4621	23
3264	4735	5
3264	4775	2
3264	4821	4
3264	4986	8
3264	5021	2
3264	5091	10
3264	5194	4
3264	5213	6
3264	5244	4
3264	5275	32
3264	5294	1
3264	5726	6
3264	5823	13
3264	6300	2
3264	6341	2
3264	6622	16
3264	6817	2
3264	6846	3
3264	6911	3
3264	7036	1
3264	7081	4
3264	7239	1
3264	7339	3
3264	7431	2
3264	7501	7
3264	7506	5
3264	7623	7
3264	7656	8
3264	7739	12
3264	7852	1
3264	7935	1
3264	8060	4
3264	8105	2
3264	8286	15
3264	8644	2
3264	8684	4
3264	8728	1
3264	8733	9
3264	8775	3
3264	8973	3
3264	9067	3
3264	9078	1
3264	9264	2
3264	9265	36
3264	9604	3
3264	9708	4
3264	9816	2
3264	9931	2
3292	3426	6
3292	3536	1
3292	3609	2
3292	3972	1
3292	4388	2
3292	4422	1
3292	4735	1
3292	4986	2
3292	5091	1
3292	5194	2
3292	5244	2
3292	5275	16
3292	5726	4
3292	5823	1
3292	6341	1
3292	6622	3
3292	7081	1
3292	7239	1
3292	7739	1
3292	7852	1
3292	8060	2
3292	8286	2
3292	8644	2
3292	9264	2
3292	9265	5
3292	9588	1
3426	3446	2
3426	3536	5
3426	3609	21
3426	3659	15
3426	3903	1
3426	3972	7
3426	4019	8
3426	4388	8
3426	4422	2
3426	4482	10
3426	4602	6
3426	4621	15
3426	4735	2
3426	4775	5
3426	4807	1
3426	4821	2
3426	4986	8
3426	5021	3
3426	5053	4
3426	5091	10
3426	5194	2
3426	5213	1
3426	5244	2
3426	5275	28
3426	5294	2
3426	5465	1
3426	5726	9
3426	5823	11
3426	6300	6
3426	6341	2
3426	6447	5
3426	6622	10
3426	6817	1
3426	6846	7
3426	6911	6
3426	7036	1
3426	7081	8
3426	7339	2
3426	7431	3
3426	7501	2
3426	7506	2
3426	7623	2
3426	7739	10
3426	7852	2
3426	7935	1
3426	8060	2
3426	8105	4
3426	8286	27
3426	8644	6
3426	8684	2
3426	8728	1
3426	8733	8
3426	8775	1
3426	8866	1
3426	8973	3
3426	9067	5
3426	9078	1
3426	9264	6
3426	9265	25
3426	9588	3
3426	9604	1
3426	9708	2
3426	9816	1
3426	9931	3
3446	3536	2
3446	3609	7
3446	3659	22
3446	3903	3
3446	3972	2
3446	4019	5
3446	4369	1
3446	4388	3
3446	4422	1
3446	4482	1
3446	4602	1
3446	4621	1
3446	4735	1
3446	4986	2
3446	5021	3
3446	5053	1
3446	5091	5
3446	5213	1
3446	5244	4
3446	5275	1
3446	5294	1
3446	5465	1
3446	5726	4
3446	5823	3
3446	6622	10
3446	6770	1
3446	6817	2
3446	6922	6
3446	7081	1
3446	7239	1
3446	7339	1
3446	7431	2
3446	7501	1
3446	7623	2
3446	7656	2
3446	7739	1
3446	7935	2
3446	8105	1
3446	8286	3
3446	8684	1
3446	8728	4
3446	8866	3
3446	8973	1
3446	9265	15
3446	9604	10
3446	9708	4
3536	3609	15
3536	3659	10
3536	3903	1
3536	3972	2
3536	4019	5
3536	4388	5
3536	4422	3
3536	4482	7
3536	4602	4
3536	4621	22
3536	4735	6
3536	4775	4
3536	4807	1
3536	4821	4
3536	4986	5
3536	4999	1
3536	5053	6
3536	5091	8
3536	5194	3
3536	5213	3
3536	5275	8
3536	5294	1
3536	5726	1
3536	5823	2
3536	6300	3
3536	6447	1
3536	6622	1
3536	6817	1
3536	6846	2
3536	6922	1
3536	7036	2
3536	7081	1
3536	7239	1
3536	7339	2
3536	7431	1
3536	7501	4
3536	7623	2
3536	7656	1
3536	7739	10
3536	7852	1
3536	7935	1
3536	8060	4
3536	8286	6
3536	8684	2
3536	8733	4
3536	8775	4
3536	8866	1
3536	8973	2
3536	9067	2
3536	9264	1
3536	9265	28
3536	9604	4
3536	9708	2
3536	9816	1
3536	9931	3
3609	3659	27
3609	3903	3
3609	3972	3
3609	4019	29
3609	4388	8
3609	4422	8
3609	4482	14
3609	4602	11
3609	4621	40
3609	4735	25
3609	4775	7
3609	4807	6
3609	4821	8
3609	4986	7
3609	4999	1
3609	5021	9
3609	5053	3
3609	5091	17
3609	5194	4
3609	5213	4
3609	5244	9
3609	5275	34
3609	5294	8
3609	5465	4
3609	5726	9
3609	5823	9
3609	6300	6
3609	6341	3
3609	6447	5
3609	6622	28
3609	6817	3
3609	6846	4
3609	6911	4
3609	6922	4
3609	7036	3
3609	7081	7
3609	7239	7
3609	7339	5
3609	7431	3
3609	7501	18
3609	7506	8
3609	7623	8
3609	7656	5
3609	7739	13
3609	7852	1
3609	7935	4
3609	8060	6
3609	8105	3
3609	8286	24
3609	8644	4
3609	8684	4
3609	8728	4
3609	8733	8
3609	8775	3
3609	8866	6
3609	8973	4
3609	9067	4
3609	9078	5
3609	9264	3
3609	9265	103
3609	9588	2
3609	9604	12
3609	9708	9
3609	9816	2
3609	9931	9
3659	3903	5
3659	3972	20
3659	4019	16
3659	4388	10
3659	4422	2
3659	4482	9
3659	4602	8
3659	4621	28
3659	4735	14
3659	4775	5
3659	4807	1
3659	4821	8
3659	4986	21
3659	4999	3
3659	5021	9
3659	5053	2
3659	5091	23
3659	5194	4
3659	5213	10
3659	5244	16
3659	5275	48
3659	5294	4
3659	5465	3
3659	5726	12
3659	5823	20
3659	6300	16
3659	6341	5
3659	6447	2
3659	6622	31
3659	6770	5
3659	6817	6
3659	6846	21
3659	6911	5
3659	6922	16
3659	7036	1
3659	7081	5
3659	7239	4
3659	7339	2
3659	7431	11
3659	7501	7
3659	7506	4
3659	7623	7
3659	7656	12
3659	7739	16
3659	7852	4
3659	7935	6
3659	8060	10
3659	8105	2
3659	8286	33
3659	8644	3
3659	8684	10
3659	8728	10
3659	8733	8
3659	8775	6
3659	8866	6
3659	8973	3
3659	9067	12
3659	9078	5
3659	9264	14
3659	9265	66
3659	9588	4
3659	9604	19
3659	9708	8
3659	9816	2
3659	9931	3
3777	3972	2
3777	4369	4
3777	4602	2
3777	5275	3
3777	5726	1
3777	5823	1
3777	6300	1
3777	6770	1
3777	6846	2
3777	6911	1
3777	6922	1
3777	7081	1
3777	7506	1
3777	8105	3
3777	8143	6
3777	8286	1
3777	8684	4
3777	9067	3
3777	9265	1
3777	9588	1
3903	3972	1
3903	4369	1
3903	4388	3
3903	4482	1
3903	4621	2
3903	4775	1
3903	4986	2
3903	5021	1
3903	5053	1
3903	5091	2
3903	5194	1
3903	5213	1
3903	5275	3
3903	5294	1
3903	5465	1
3903	5726	2
3903	5823	2
3903	6622	9
3903	6922	3
3903	7081	3
3903	7239	2
3903	7339	1
3903	7501	1
3903	7506	2
3903	7852	1
3903	7935	2
3903	8286	2
3903	8728	1
3903	8973	2
3903	9067	3
3903	9265	12
3903	9604	3
3903	9708	3
3972	4019	1
3972	4369	3
3972	4388	3
3972	4602	4
3972	4621	1
3972	4735	2
3972	4775	1
3972	4986	4
3972	4999	5
3972	5091	4
3972	5213	7
3972	5244	3
3972	5275	22
3972	5465	3
3972	5726	9
3972	5823	12
3972	6300	9
3972	6341	5
3972	6447	1
3972	6622	5
3972	6770	4
3972	6846	10
3972	6911	6
3972	6922	7
3972	7081	7
3972	7239	2
3972	7339	1
3972	7501	1
3972	7506	1
3972	7623	1
3972	7656	7
3972	7852	1
3972	7935	3
3972	8060	1
3972	8105	2
3972	8286	14
3972	8644	3
3972	8684	1
3972	8728	5
3972	8866	2
3972	8973	2
3972	9067	7
3972	9078	1
3972	9264	6
3972	9265	11
3972	9604	5
3972	9708	12
3972	9931	2
4019	4369	2
4019	4388	5
4019	4422	3
4019	4482	22
4019	4602	3
4019	4621	36
4019	4735	8
4019	4775	2
4019	4807	4
4019	4821	5
4019	4986	10
4019	5021	4
4019	5053	2
4019	5091	4
4019	5194	1
4019	5213	6
4019	5244	6
4019	5275	4
4019	5294	1
4019	5465	1
4019	5726	3
4019	5823	7
4019	6300	1
4019	6622	16
4019	6817	5
4019	6846	1
4019	6911	1
4019	6922	8
4019	7036	1
4019	7081	3
4019	7239	1
4019	7339	2
4019	7431	1
4019	7501	4
4019	7506	1
4019	7623	5
4019	7656	11
4019	7739	29
4019	7852	1
4019	7935	1
4019	8060	4
4019	8105	2
4019	8286	15
4019	8644	1
4019	8684	6
4019	8728	4
4019	8733	6
4019	8775	1
4019	8866	2
4019	8973	3
4019	9067	1
4019	9078	1
4019	9264	2
4019	9265	55
4019	9588	5
4019	9604	5
4019	9708	5
4019	9816	5
4369	4388	1
4369	4602	1
4369	4775	1
4369	5275	2
4369	5726	1
4369	6817	2
4369	6846	1
4369	6911	1
4369	7081	5
4369	7239	1
4369	8143	2
4369	8684	2
4369	8973	1
4369	9265	1
4369	9588	1
4369	9604	1
4369	9931	1
4388	4482	1
4388	4602	12
4388	4621	7
4388	4735	3
4388	4775	3
4388	4821	1
4388	4986	5
4388	5021	2
4388	5053	1
4388	5091	7
4388	5213	1
4388	5244	2
4388	5275	15
4388	5294	3
4388	5726	3
4388	5823	4
4388	6300	1
4388	6341	2
4388	6622	8
4388	6922	1
4388	7036	1
4388	7081	3
4388	7239	3
4388	7431	1
4388	7501	2
4388	7506	1
4388	7623	3
4388	7656	8
4388	7739	1
4388	7852	1
4388	7935	1
4388	8060	3
4388	8105	2
4388	8286	4
4388	8644	4
4388	8684	1
4388	8728	1
4388	8733	2
4388	8775	1
4388	8866	2
4388	8973	3
4388	9067	3
4388	9078	1
4388	9264	3
4388	9265	14
4388	9588	1
4388	9604	3
4388	9708	3
4422	4482	2
4422	4621	9
4422	4735	3
4422	4775	1
4422	4821	1
4422	4986	2
4422	5091	2
4422	5213	2
4422	5275	6
4422	5294	1
4422	5726	2
4422	6622	3
4422	7036	1
4422	7339	1
4422	7501	1
4422	7506	1
4422	7656	1
4422	7739	4
4422	8060	2
4422	8286	2
4422	8644	1
4422	8684	1
4422	8733	2
4422	8866	2
4422	8973	3
4422	9067	1
4422	9265	15
4422	9708	2
4482	4602	1
4482	4621	36
4482	4735	1
4482	4775	2
4482	4807	3
4482	4821	6
4482	4986	4
4482	5053	1
4482	5091	6
4482	5213	1
4482	5244	3
4482	5275	2
4482	5726	1
4482	5823	4
4482	6300	3
4482	6447	1
4482	6622	6
4482	6817	1
4482	6922	1
4482	7036	2
4482	7081	4
4482	7239	1
4482	7339	1
4482	7501	3
4482	7623	1
4482	7656	3
4482	7739	21
4482	7852	1
4482	7935	2
4482	8105	1
4482	8286	6
4482	8684	6
4482	8728	2
4482	8733	9
4482	8775	2
4482	8866	1
4482	8973	2
4482	9067	4
4482	9264	1
4482	9265	43
4482	9588	2
4482	9604	1
4482	9708	6
4482	9816	1
4602	4621	1
4602	4735	2
4602	4775	2
4602	4821	1
4602	4986	2
4602	5021	2
4602	5091	5
4602	5244	2
4602	5275	11
4602	5465	1
4602	5823	5
4602	6300	5
4602	6622	2
4602	6922	1
4602	7081	1
4602	7239	1
4602	7339	1
4602	7506	1
4602	7656	3
4602	7852	1
4602	8060	1
4602	8105	1
4602	8286	1
4602	8644	1
4602	8866	2
4602	8973	1
4602	9067	1
4602	9078	1
4602	9265	6
4602	9604	6
4602	9931	1
4621	4735	10
4621	4775	4
4621	4807	4
4621	4821	18
4621	4986	23
4621	5053	9
4621	5091	15
4621	5194	2
4621	5213	8
4621	5244	9
4621	5275	10
4621	5294	1
4621	5465	1
4621	5726	3
4621	5823	6
4621	6300	6
4621	6341	1
4621	6447	4
4621	6622	18
4621	6817	4
4621	6846	2
4621	6911	1
4621	6922	1
4621	7036	7
4621	7239	4
4621	7339	9
4621	7501	7
4621	7506	1
4621	7623	7
4621	7656	12
4621	7739	43
4621	7852	3
4621	7935	6
4621	8060	4
4621	8286	11
4621	8684	14
4621	8728	5
4621	8733	26
4621	8775	13
4621	8866	3
4621	8973	8
4621	9067	5
4621	9078	2
4621	9264	2
4621	9265	121
4621	9588	2
4621	9604	6
4621	9708	12
4621	9816	2
4621	9931	1
4735	4775	1
4735	4821	2
4735	4986	1
4735	5021	1
4735	5053	1
4735	5091	7
4735	5194	1
4735	5213	4
4735	5244	1
4735	5275	7
4735	5294	6
4735	5726	3
4735	6300	2
4735	6341	1
4735	6447	2
4735	6622	8
4735	6846	2
4735	6922	1
4735	7036	1
4735	7081	1
4735	7239	3
4735	7431	1
4735	7501	10
4735	7506	1
4735	7623	4
4735	7656	4
4735	7739	5
4735	8060	1
4735	8105	1
4735	8286	4
4735	8644	3
4735	8684	2
4735	8728	1
4735	8733	5
4735	8775	1
4735	8866	1
4735	9078	1
4735	9264	1
4735	9265	26
4735	9604	3
4735	9708	1
4735	9816	1
4735	9931	3
4775	4807	1
4775	4821	4
4775	4986	2
4775	4999	2
4775	5021	1
4775	5053	1
4775	5091	2
4775	5213	5
4775	5275	1
4775	5726	1
4775	5823	1
4775	6300	2
4775	6447	1
4775	6622	5
4775	6846	3
4775	6922	3
4775	7036	2
4775	7339	1
4775	7623	1
4775	7852	3
4775	7935	2
4775	8060	1
4775	8105	1
4775	8286	5
4775	8644	1
4775	8684	3
4775	8733	1
4775	9067	3
4775	9078	1
4775	9264	1
4775	9265	9
4775	9604	2
4775	9931	2
4807	4821	3
4807	5021	1
4807	5091	1
4807	5244	1
4807	5726	1
4807	5823	1
4807	6622	5
4807	6817	1
4807	6922	1
4807	7081	1
4807	7239	1
4807	7339	1
4807	7501	1
4807	7656	1
4807	7739	3
4807	7935	2
4807	8286	2
4807	8684	1
4807	8733	2
4807	8866	1
4807	8973	1
4807	9265	12
4807	9588	2
4807	9604	2
4807	9708	1
4821	5053	1
4821	5091	7
4821	5213	3
4821	5244	5
4821	5275	1
4821	5294	1
4821	6300	3
4821	6341	1
4821	6447	2
4821	6622	6
4821	7239	1
4821	7339	3
4821	7501	3
4821	7506	1
4821	7623	2
4821	7656	3
4821	7739	8
4821	7935	1
4821	8060	1
4821	8286	1
4821	8684	1
4821	8733	8
4821	8775	2
4821	8866	1
4821	8973	2
4821	9067	2
4821	9078	2
4821	9265	20
4821	9588	2
4821	9604	1
4821	9708	3
4821	9816	1
4986	5021	1
4986	5053	2
4986	5091	6
4986	5194	2
4986	5213	4
4986	5244	2
4986	5275	14
4986	5294	1
4986	5465	1
4986	5726	3
4986	5823	12
4986	6300	4
4986	6341	2
4986	6447	2
4986	6622	6
4986	6770	1
4986	6817	4
4986	6846	3
4986	6922	4
4986	7081	4
4986	7239	1
4986	7431	2
4986	7501	1
4986	7506	2
4986	7623	3
4986	7656	2
4986	7739	8
4986	7852	2
4986	7935	2
4986	8060	1
4986	8105	4
4986	8286	12
4986	8684	3
4986	8728	2
4986	8733	2
4986	8775	5
4986	8866	1
4986	9067	3
4986	9078	1
4986	9264	3
4986	9265	31
4986	9604	1
4986	9816	1
4986	9931	1
4999	5213	3
4999	5275	3
4999	5726	2
4999	5823	1
4999	6300	4
4999	6622	1
4999	6770	3
4999	6846	5
4999	6911	2
4999	6922	3
4999	7081	1
4999	7239	1
4999	7431	1
4999	7656	1
4999	7852	1
4999	7935	1
4999	8105	1
4999	8286	1
4999	9067	3
4999	9078	1
4999	9264	1
4999	9265	1
4999	9588	1
4999	9604	2
4999	9708	1
5021	5091	1
5021	5244	1
5021	5275	1
5021	5726	5
5021	5823	3
5021	6300	1
5021	6622	2
5021	6922	4
5021	7239	1
5021	7431	1
5021	7501	3
5021	7656	1
5021	7739	1
5021	8105	1
5021	8286	4
5021	8866	1
5021	9078	1
5021	9265	10
5021	9588	1
5021	9604	2
5021	9708	2
5053	5091	5
5053	5726	1
5053	6300	2
5053	6447	3
5053	6622	2
5053	6846	1
5053	6922	1
5053	7431	1
5053	7501	1
5053	7739	1
5053	7935	1
5053	8105	1
5053	8733	2
5053	9067	1
5053	9265	9
5053	9604	4
5053	9708	2
5053	9816	1
5091	5194	7
5091	5213	1
5091	5244	8
5091	5275	23
5091	5294	3
5091	5726	2
5091	5823	5
5091	6300	8
5091	6447	4
5091	6622	4
5091	6770	3
5091	6846	1
5091	6922	2
5091	7036	3
5091	7081	3
5091	7339	1
5091	7431	1
5091	7501	6
5091	7506	4
5091	7623	5
5091	7656	5
5091	7739	5
5091	7852	2
5091	7935	1
5091	8060	10
5091	8105	1
5091	8286	6
5091	8684	2
5091	8728	3
5091	8733	7
5091	8775	1
5091	8866	3
5091	8973	1
5091	9067	1
5091	9078	2
5091	9265	33
5091	9588	2
5091	9604	10
5091	9708	7
5091	9931	1
5194	5244	1
5194	5275	10
5194	5726	1
5194	6341	1
5194	6447	3
5194	6622	1
5194	6770	1
5194	7036	1
5194	7081	1
5194	7339	1
5194	7501	1
5194	7623	1
5194	7656	2
5194	7739	1
5194	8060	4
5194	8105	1
5194	8286	3
5194	8644	2
5194	8684	1
5194	8775	1
5194	9078	3
5194	9265	10
5194	9708	2
5213	5244	4
5213	5823	5
5213	6300	5
5213	6622	5
5213	6770	1
5213	6846	2
5213	6922	8
5213	7081	3
5213	7239	1
5213	7339	1
5213	7623	1
5213	7656	2
5213	7739	8
5213	7852	1
5213	8060	1
5213	8286	1
5213	8684	5
5213	8728	5
5213	8733	2
5213	9067	2
5213	9265	15
5213	9588	1
5213	9604	8
5213	9708	6
5213	9816	3
5244	5275	14
5244	5294	1
5244	5465	1
5244	5726	5
5244	5823	4
5244	6300	6
5244	6341	1
5244	6622	8
5244	6770	1
5244	6922	1
5244	7081	2
5244	7239	3
5244	7339	2
5244	7506	2
5244	7623	1
5244	7656	3
5244	7739	4
5244	7852	2
5244	7935	3
5244	8060	3
5244	8286	2
5244	8644	1
5244	8684	3
5244	8728	4
5244	8733	4
5244	8866	6
5244	8973	3
5244	9067	1
5244	9265	31
5244	9588	2
5244	9604	9
5244	9708	4
5244	9816	3
5275	5294	6
5275	5465	1
5275	5726	22
5275	5823	16
5275	6300	15
5275	6341	9
5275	6447	6
5275	6622	27
5275	6770	2
5275	6817	1
5275	6846	28
5275	6911	12
5275	6922	3
5275	7036	6
5275	7081	6
5275	7239	3
5275	7339	2
5275	7431	10
5275	7501	8
5275	7506	7
5275	7623	2
5275	7656	7
5275	7739	4
5275	7935	3
5275	8060	19
5275	8105	3
5275	8143	2
5275	8286	39
5275	8644	4
5275	8684	4
5275	8728	1
5275	8733	1
5275	8775	2
5275	8866	1
5275	8973	4
5275	9067	12
5275	9078	5
5275	9264	9
5275	9265	63
5275	9588	6
5275	9604	4
5275	9708	5
5275	9816	1
5275	9931	6
5294	5726	1
5294	6447	2
5294	6622	2
5294	6911	1
5294	7239	2
5294	7501	4
5294	7506	1
5294	7935	1
5294	8060	2
5294	8286	2
5294	8644	1
5294	9078	1
5294	9264	1
5294	9265	8
5294	9931	1
5465	5726	3
5465	5823	1
5465	6300	2
5465	6622	4
5465	6770	1
5465	6911	1
5465	6922	1
5465	7239	1
5465	7339	1
5465	7431	2
5465	7656	2
5465	7935	1
5465	8060	1
5465	8286	3
5465	8728	1
5465	8866	2
5465	8973	1
5465	9067	2
5465	9265	5
5465	9708	1
5465	9816	1
5465	9931	2
5726	5823	3
5726	6300	6
5726	6622	8
5726	6770	1
5726	6846	8
5726	6911	3
5726	6922	2
5726	7081	1
5726	7239	1
5726	7339	1
5726	7431	4
5726	7506	1
5726	7656	2
5726	7739	2
5726	8105	1
5726	8143	1
5726	8286	14
5726	8644	3
5726	8728	1
5726	8733	1
5726	8866	2
5726	9067	5
5726	9078	1
5726	9264	2
5726	9265	23
5726	9588	2
5726	9604	5
5726	9708	2
5726	9931	2
5823	6300	4
5823	6341	3
5823	6622	11
5823	6770	4
5823	6817	9
5823	6846	3
5823	6911	1
5823	6922	6
5823	7081	10
5823	7239	1
5823	7339	1
5823	7431	3
5823	7501	2
5823	7506	5
5823	7623	2
5823	7656	3
5823	7739	4
5823	7852	1
5823	7935	2
5823	8105	2
5823	8286	16
5823	8644	1
5823	8684	3
5823	8728	3
5823	8733	3
5823	8973	1
5823	9067	5
5823	9264	6
5823	9265	14
5823	9588	1
5823	9604	4
5823	9708	3
6300	6447	3
6300	6622	7
6300	6770	2
6300	6846	16
6300	6911	5
6300	6922	3
6300	7036	1
6300	7239	2
6300	7339	3
6300	7431	7
6300	7506	1
6300	7623	1
6300	7656	2
6300	7739	2
6300	7852	3
6300	7935	1
6300	8060	6
6300	8105	1
6300	8286	12
6300	8684	1
6300	8728	1
6300	8733	3
6300	8866	1
6300	9067	6
6300	9264	7
6300	9265	19
6300	9604	7
6300	9708	2
6300	9816	1
6300	9931	1
6341	6622	3
6341	6770	3
6341	6846	3
6341	6911	1
6341	7081	1
6341	7501	3
6341	7506	3
6341	7623	2
6341	7656	2
6341	7935	1
6341	8286	1
6341	9265	5
6341	9708	1
6447	6846	2
6447	6922	1
6447	7739	3
6447	7935	1
6447	8060	7
6447	8286	1
6447	8684	1
6447	8733	1
6447	8973	1
6447	9265	7
6447	9604	1
6447	9708	1
6447	9816	2
6622	6770	2
6622	6817	1
6622	6846	6
6622	6911	1
6622	6922	2
6622	7036	2
6622	7081	3
6622	7239	5
6622	7339	2
6622	7431	1
6622	7501	6
6622	7506	4
6622	7623	4
6622	7656	7
6622	7739	11
6622	7852	2
6622	7935	4
6622	8060	4
6622	8143	1
6622	8286	19
6622	8684	3
6622	8728	4
6622	8733	8
6622	8866	2
6622	8973	1
6622	9067	3
6622	9264	2
6622	9265	59
6622	9588	2
6622	9604	10
6622	9708	3
6622	9816	1
6622	9931	4
6770	6846	6
6770	6911	2
6770	6922	5
6770	7239	2
6770	7431	1
6770	7623	1
6770	7656	3
6770	8105	1
6770	8286	1
6770	8866	1
6770	9067	5
6770	9264	2
6770	9265	1
6770	9588	1
6770	9708	5
6817	6922	2
6817	7081	1
6817	7739	2
6817	7852	1
6817	7935	1
6817	8105	1
6817	8143	3
6817	8286	2
6817	8684	1
6817	8728	2
6817	8775	1
6817	9264	4
6817	9265	6
6817	9588	1
6817	9604	2
6817	9708	2
6846	6911	14
6846	7081	1
6846	7239	2
6846	7339	1
6846	7431	10
6846	7656	1
6846	7739	2
6846	7935	2
6846	8060	1
6846	8105	2
6846	8286	28
6846	8644	1
6846	8684	3
6846	8728	2
6846	8866	1
6846	9067	7
6846	9078	1
6846	9264	11
6846	9265	11
6846	9588	3
6846	9708	1
6846	9931	4
6911	7081	3
6911	7431	2
6911	7656	2
6911	8286	15
6911	8644	1
6911	8728	1
6911	8866	1
6911	8973	1
6911	9067	1
6911	9264	6
6911	9265	4
6911	9931	2
6922	7081	6
6922	7339	1
6922	7431	2
6922	7623	1
6922	7656	4
6922	7739	3
6922	7852	2
6922	7935	1
6922	8060	1
6922	8105	1
6922	8286	1
6922	8684	1
6922	8728	4
6922	8866	3
6922	9067	3
6922	9264	1
6922	9265	9
6922	9604	10
6922	9708	7
6922	9816	4
7036	7339	1
7036	7656	1
7036	7739	2
7036	8060	3
7036	8105	1
7036	8728	1
7036	8775	1
7036	8973	1
7036	9265	9
7036	9708	1
7081	7239	1
7081	7431	1
7081	7501	2
7081	7506	2
7081	7656	1
7081	7852	1
7081	8105	3
7081	8143	1
7081	8286	10
7081	8644	1
7081	8684	1
7081	8728	2
7081	8973	1
7081	9067	2
7081	9264	1
7081	9265	8
7081	9588	1
7081	9604	2
7081	9708	1
7081	9931	1
7239	7501	1
7239	7623	2
7239	7656	2
7239	7935	1
7239	8060	1
7239	8286	3
7239	8644	5
7239	8684	1
7239	8733	2
7239	8866	2
7239	9067	1
7239	9264	1
7239	9265	9
7239	9588	1
7239	9604	9
7239	9931	1
7339	7431	1
7339	7656	2
7339	7739	8
7339	7852	1
7339	7935	1
7339	8060	1
7339	8286	1
7339	8684	1
7339	8733	2
7339	8866	1
7339	8973	2
7339	9265	11
7339	9604	3
7339	9708	3
7339	9816	1
7431	7501	1
7431	7935	1
7431	8060	1
7431	8105	1
7431	8143	1
7431	8286	13
7431	8733	1
7431	8866	1
7431	9067	7
7431	9264	3
7431	9265	3
7431	9931	3
7501	7506	4
7501	7623	8
7501	7739	2
7501	7935	2
7501	8060	4
7501	8286	5
7501	8644	1
7501	8728	1
7501	8733	6
7501	8775	2
7501	9067	1
7501	9078	1
7501	9265	26
7501	9588	2
7501	9604	3
7501	9708	2
7501	9816	1
7506	7623	4
7506	7935	2
7506	8060	1
7506	8286	3
7506	9067	2
7506	9078	2
7506	9264	1
7506	9265	7
7506	9931	1
7623	7656	1
7623	7739	1
7623	7852	2
7623	8060	3
7623	8286	1
7623	8644	3
7623	8733	3
7623	8775	1
7623	8866	2
7623	9067	2
7623	9265	9
7623	9604	1
7623	9931	1
7656	7739	3
7656	7852	1
7656	8060	2
7656	8105	1
7656	8286	3
7656	8644	2
7656	8684	1
7656	8733	1
7656	8866	2
7656	8973	1
7656	9067	3
7656	9078	1
7656	9265	14
7656	9604	3
7656	9708	4
7656	9816	2
7739	7935	1
7739	8060	3
7739	8286	5
7739	8684	3
7739	8728	4
7739	8733	16
7739	8775	2
7739	8866	1
7739	8973	4
7739	9078	1
7739	9264	1
7739	9265	64
7739	9588	4
7739	9604	7
7739	9708	9
7739	9816	2
7852	7935	1
7852	8286	1
7852	8644	1
7852	9067	4
7852	9265	5
7852	9604	3
7852	9816	2
7935	8060	2
7935	8286	2
7935	8684	4
7935	8728	1
7935	8733	1
7935	8973	2
7935	9067	1
7935	9265	15
7935	9588	2
7935	9604	4
7935	9816	1
8060	8286	3
8060	8644	1
8060	8684	2
8060	9078	1
8060	9265	18
8060	9708	3
8060	9816	1
8105	8286	2
8105	8684	2
8105	8973	1
8105	9067	2
8105	9264	1
8105	9265	3
8105	9588	1
8105	9816	1
8143	8286	1
8143	8684	1
8143	9067	1
8143	9265	1
8286	8644	5
8286	8684	4
8286	8728	4
8286	8733	1
8286	8775	2
8286	8973	3
8286	9067	10
8286	9078	1
8286	9264	17
8286	9265	37
8286	9588	3
8286	9604	5
8286	9708	1
8286	9931	8
8644	8733	1
8644	8866	2
8644	9067	1
8644	9264	1
8644	9265	3
8644	9588	1
8644	9604	1
8684	8728	3
8684	8733	1
8684	8775	1
8684	8866	1
8684	8973	2
8684	9067	1
8684	9265	26
8684	9604	5
8684	9708	1
8684	9816	2
8684	9931	2
8728	8733	3
8728	8973	1
8728	9067	1
8728	9264	1
8728	9265	5
8728	9588	1
8728	9604	4
8728	9708	3
8728	9816	1
8728	9931	1
8733	8775	2
8733	8973	2
8733	9078	1
8733	9265	29
8733	9588	1
8733	9604	4
8733	9708	3
8775	9078	1
8775	9264	1
8775	9265	10
8775	9931	1
8866	9265	11
8866	9604	5
8866	9708	2
8866	9931	1
8973	9067	2
8973	9265	8
8973	9604	2
8973	9708	1
9067	9264	3
9067	9265	7
9067	9588	1
9067	9604	3
9067	9708	2
9067	9816	1
9067	9931	1
9078	9265	6
9078	9931	1
9264	9265	6
9264	9588	1
9264	9931	2
9265	9588	11
9265	9604	27
9265	9708	14
9265	9816	4
9265	9931	3
9588	9604	2
9604	9708	8
9604	9816	4
9708	9816	2
