id	label	x	y	cluster	weight<Links>	weight<Total link strength>	weight<Occurrences>	score<Avg. pub. year>	score<Avg. citations>	score<Avg. norm. citations>
67	abundance	-0.419	0.28	1	79	320	60	2012.8	16.4167	0.7466
135	adaptation	0.4856	0.8392	2	76	344	106	2012.8868	19.2736	0.9958
716	assemblage	-0.1547	-0.7889	3	89	1075	195	2013.9744	21.5538	0.9471
837	bacteria	0.0677	0.5262	2	60	177	69	2013.7681	28.4348	1.2006
943	behavior	0.3106	0.9257	2	41	94	36	2010.6389	16.9167	0.646
1054	bioassessment	0.8135	-0.9248	3	39	139	26	2013.7308	18.3077	0.9468
1064	biodiversity	-0.2529	-0.0873	1	99	4906	1014	2014.0128	20.5454	1.0101
1120	biogeography	-0.6737	0.5983	1	58	197	42	2014.6429	21.2381	1.3472
1167	biomass	-0.0734	0.2648	1	69	202	47	2013.617	20.6596	1.0469
1204	biotic integrity	0.6547	-1.0891	3	43	130	26	2013.6538	16.5	0.9476
1997	climate-change	-0.232	0.192	2	94	1190	260	2014.8308	23.1692	1.4355
2046	coast	0.6248	-0.1334	3	59	229	57	2014.7193	15.5439	0.9764
2201	community	-0.2336	-0.2597	1	98	3559	692	2013.909	20.9436	1.0644
2290	competition	-0.414	0.7935	1	72	363	71	2012.4225	28.8451	0.8862
2376	connectivity	-0.453	-0.8714	1	54	140	26	2014	18.6154	1.0578
2377	conservation	0.0787	-0.5826	1	75	509	98	2014.0918	18.2653	1.0304
2796	decomposition	-0.7144	-0.0923	1	43	131	25	2013.04	28.68	1.1571
3081	dispersal	-0.159	-0.5043	1	67	332	69	2014.6232	10.942	1.0354
3126	disturbance	-0.4982	-0.6328	1	83	644	116	2013.1379	17.931	0.9106
3238	drought	-0.3156	-0.6915	1	51	156	32	2013.875	18.4688	1.0994
3297	dynamics	-0.2342	0.384	2	91	655	129	2013.4806	15.1008	0.8931
3456	ecology	0.0185	0.1457	1	97	1245	230	2013.6087	19.7087	0.9257
3481	ecosystem	-0.3757	-0.1856	1	97	1221	230	2013.6522	20.0217	1.0431
3493	ecosystem functioning	-0.9639	0.0845	1	90	890	170	2013.7471	21.1353	1.1964
3516	ecosystem services	-0.6588	-0.4106	1	60	201	39	2015.6923	15.7436	1.2368
3746	environmental gradients	0.5045	-0.6355	3	62	196	37	2012.7838	26.5405	0.9082
3942	eutrophication	0.0449	-0.047	1	70	210	37	2013.7568	15.973	1.0184
3953	evolution	0.6173	0.6637	2	75	409	128	2012.6953	20.1875	0.8746
4251	fish	0.4597	-0.0802	2	92	1261	276	2013.3551	23.3406	1.0733
4350	floodplain	0.8171	-0.6395	3	63	232	38	2010.7895	28.5526	0.9154
4480	foodweb	-0.0508	0.4143	2	93	802	176	2013.4034	18.7955	0.8651
4507	forest	0.2304	-0.0949	1	77	382	79	2014.0633	14.2785	0.8303
4645	freshwater	0.2716	-0.5847	3	91	810	161	2013.677	18.9503	0.9345
4967	genes	0.6234	0.8024	2	33	84	43	2013.8837	17.3023	1.0016
5146	gradient	0.4078	0.0547	1	84	326	57	2011.9474	25.2456	0.8763
5245	growth	0.0647	0.6753	2	78	434	120	2012.7583	20.3917	0.7545
5304	habitat	0.6481	-0.5899	3	91	1065	192	2012.1875	33.4635	1.0016
5783	identification	0.7526	0.5604	2	42	84	33	2014.3939	10.2727	0.712
5805	impact	-0.3363	0.0718	1	86	499	101	2013.8218	18.0693	0.9096
5853	indicator	0.2661	-1.0727	3	61	251	46	2012.8043	24.7391	0.9374
5941	insect	0.9412	-0.4658	3	75	437	80	2011.85	39.65	1.1339
6098	invasion	0.2081	0.3778	2	73	357	82	2013.8415	18.878	1.0586
6122	invertebrate	0.1013	-0.8811	3	94	1764	334	2012.7096	24.8293	1.0588
6268	knowledge	-0.5147	-0.4549	1	84	520	95	2015.0526	13.9684	0.9721
6318	lake	0.4676	0.1951	2	88	458	89	2013.7978	17.0225	0.763
6384	landscape	0.5684	-0.8315	3	55	176	31	2012.4194	49.4194	1.1142
6405	landuse	-0.0314	-0.9991	3	78	500	88	2013.8295	13.7159	0.9871
6632	life-history	0.6118	0.0903	2	92	760	158	2014.1456	18.0886	1.0212
6646	light	0.1294	0.9179	2	44	105	25	2014.28	11.6	0.8294
6671	limiting similarity	-0.7346	0.3166	1	56	229	41	2013.2439	40.3902	1.4152
6711	litter	-0.6008	-0.2551	1	54	172	39	2013.4872	30.359	1.2788
6760	location	-0.34	-0.4586	1	91	894	187	2013.8182	17.5561	0.9166
6915	macrofauna	-0.9735	0.2737	1	52	164	33	2013.4848	18.5455	0.972
6936	macrophyte	0.5198	-0.299	1	69	263	45	2013.8222	15.5556	0.8775
6997	management	-0.0705	-0.6384	1	86	564	112	2013.9196	13.8839	1.0083
7033	marine	-0.3911	0.6118	2	91	1122	283	2014.424	14.1272	0.9991
7257	mechanisms	-0.4801	0.439	1	57	139	26	2013.5	30	1.2794
7597	model	-0.5252	0.6627	1	81	455	90	2014	16.4111	0.905
7724	morphology	0.4436	0.5554	2	87	731	220	2012.5091	22.1	0.8103
8350	nutrient	-0.1765	0.5378	2	80	426	95	2014.1053	18.4632	0.9554
8411	ocean acidification	-0.5895	0.8795	2	39	118	30	2015.7667	12.3667	1.6046
8543	organicmatter	-0.8481	-0.1966	1	45	147	41	2013.5854	20.5854	1.3631
8786	pattern	0.142	-0.2545	1	96	1292	237	2013.1181	22.9578	1.0692
8981	photosynthesis	-0.0862	0.7458	2	47	121	33	2012.9394	17.0909	0.7548
9043	phylogeny	0.9274	0.3122	2	52	142	43	2011.8605	23.4651	0.7463
9079	phytoplankton	-0.0104	0.8779	2	77	557	112	2014.0536	18.0982	1.1981
9158	plankton	-0.0156	1.1062	2	57	222	44	2014.6364	10.0682	0.9114
9176	plant	0.2679	0.2328	1	76	329	93	2012.6022	28.9355	1.1405
9388	population	0.5602	0.4622	2	81	328	84	2012.7262	20.6786	0.8412
9610	productivity	-0.519	0.1743	1	76	285	56	2012.8929	33.5714	1.1139
9743	quality	0.2478	-0.8301	3	68	242	56	2013.2143	32.9464	1.1075
9864	rate	-0.18	1.0391	2	57	171	36	2015.0556	23.5278	1.4356
9918	recovery	-0.9009	-0.5715	1	46	120	25	2013.6	36.4	1.3936
9955	redundancy	-0.7437	-0.673	1	72	411	69	2014.7246	18.7391	0.9771
9960	reef	-0.8211	0.4272	1	53	173	44	2014.3409	24.2727	1.1971
10121	resilience	-0.8653	-0.3931	1	62	247	39	2014.3077	20.1282	1.1876
10165	response	-0.1001	-0.0337	1	86	432	82	2014.2683	29.561	1.5649
10290	river	0.4207	-0.9323	3	87	1215	214	2012.229	28.8645	1.1172
10477	salinity	0.1997	0.0921	1	53	110	25	2013.8	8.96	0.6466
10594	scale	0.311	-0.3793	3	75	249	43	2013.186	15.6047	0.8029
10751	sediment	-1.0328	-0.1607	1	66	274	67	2013.8507	19.9104	0.885
10808	selection	0.4765	0.6969	2	61	153	45	2011.1556	22.6	0.9118
11044	size	-0.2127	0.8351	2	94	1035	211	2013.8957	19.9384	1.0434
11378	species	0.8499	0.6907	2	47	144	39	2013.5897	25.0513	1.3609
11538	stability	-0.8325	0.0223	1	54	161	27	2012.1111	30.2222	0.9665
11589	statistical-method	0.8774	0.0122	3	81	523	109	2013.1835	22.844	0.9761
11656	strategy	0.8061	-0.2019	1	67	244	45	2010.6222	27.8889	1.0379
11663	stream	-0.2343	-1.023	3	78	590	97	2012.8454	18.4639	1.0091
11728	stressor	0.0791	-1.1377	3	57	226	43	2015.5349	14.0465	1.468
11846	succession	-0.4667	-0.0433	1	67	205	40	2012.725	15.925	0.849
11977	system	0.6802	-0.4408	3	63	207	36	2013.2778	19.7222	1.0059
12100	temperature	0.2289	0.6099	2	77	340	65	2013.9846	24.9077	1.4544
12116	temporal	-0.7113	0.1532	1	58	167	34	2012.6176	23.4706	1.1043
12354	tradeoff	0.2062	1.1113	2	52	226	50	2012.76	34.98	1.2619
12357	trait	0.0863	-0.3973	3	99	4859	973	2013.8376	21.3803	1.0542
12808	variability	0.6815	0.2762	2	70	242	45	2012.8	23.2222	0.7645
12833	vegetation	-0.0203	-0.2197	1	84	689	157	2013.2038	19.3439	0.8916
12970	water	0.3024	-0.2245	1	86	470	105	2012.8762	20.8952	0.8909
13142	wetland	-0.0945	-0.353	1	58	163	29	2013.4138	10.069	0.5513
13315	zooplankton	0.2314	0.7363	2	59	171	38	2013.8421	11.0263	0.7857
