id	label	x	y	cluster	weight<Links>	weight<Total link strength>	weight<Occurrences>	score<Avg. pub. year>	score<Avg. citations>	score<Avg. norm. citations>
48	abundance	0.1338	0.2152	2	79	288	51	2013.6078	14.8627	0.7641
99	adaptation	0.7421	0.1728	1	75	231	67	2013.5373	14.5522	0.9743
560	assemblage	-0.7411	-0.1934	2	86	640	110	2014.5818	23.3818	0.8902
651	bacteria	0.8946	0.2025	1	55	149	58	2013.8276	29.6552	1.214
730	behavior	0.583	0.7352	1	34	62	27	2010.7778	11.8519	0.5624
830	biodiversity	-0.2874	0.2577	3	100	2747	530	2014.3396	21.2283	0.9778
877	biogeography	0.2415	0.8594	3	61	174	36	2014.6389	22.9167	1.2279
914	biomass	0.5566	-0.6781	2	57	142	33	2013.6667	18.2727	0.9567
947	bioturbation	-0.4778	0.9144	3	35	89	19	2013.1053	21.1053	0.7589
1537	climate-change	-0.005	0.368	1	92	823	181	2015.0773	24.4088	1.5054
1575	coast	0.1843	-0.6011	2	62	248	57	2014.8246	15.7368	0.943
1702	community	-0.2414	-0.0682	2	99	2438	466	2014.2146	21.5322	1.0544
1772	competition	0.4804	-0.2149	1	71	262	50	2013.36	33.14	0.9547
1835	conservation	-0.7516	0.3604	3	70	364	65	2014.4154	13.9538	0.9668
1872	continental-shelf	-0.1928	1.2262	3	30	80	19	2014.1053	13.3158	0.885
2376	dispersal	0.1382	-0.0976	2	58	196	42	2014.8095	12.381	1.1606
2407	disturbance	-0.4341	0.1575	5	80	393	70	2013.6857	16.0857	0.8513
2425	diversity	0.1431	0.3704	3	86	525	103	2014.4757	18.3786	0.9133
2536	dynamics	0.3737	0.1521	1	88	427	83	2013.5783	14.5783	0.8576
2650	ecology	-0.0625	-0.0292	2	91	755	137	2013.5328	22.8467	0.9526
2669	ecosystem	0.0045	0.116	3	92	697	128	2013.8203	20.2656	1.0158
2680	ecosystem functioning	-0.4418	0.6529	3	93	799	148	2014.0338	21.277	1.0534
2698	ecosystem services	-0.7118	0.1847	3	56	156	27	2015.7778	20.963	1.3339
2883	environmental gradients	-0.4116	-0.3719	2	50	109	21	2013.1429	32.0476	0.8558
3033	eutrophication	-0.0956	-0.5252	2	64	161	27	2013.1111	19.4074	0.9162
3042	evolution	0.8339	0.3194	1	66	278	84	2012.7976	18.9167	0.7702
3264	fish	-0.2114	0.5883	3	88	617	128	2014.25	24.3047	1.2332
3292	fisheries	0.0606	0.9576	3	44	103	23	2014.4348	16.6957	1.1727
3426	foodweb	0.1873	0.522	1	88	586	128	2014.1484	15.625	0.8511
3446	forest	0.2736	-0.7642	2	70	258	52	2013.8077	15.9231	0.8373
3536	freshwater	-0.7799	-0.0047	4	79	329	65	2014.3538	18.4462	1.0046
3609	functional diversity	-0.578	0.0758	3	95	1253	232	2014.5776	20.3448	0.9335
3659	functional trait	0.0426	-0.1888	2	95	1330	253	2015.0356	19.6957	1.0892
3777	genes	1.1086	0.1488	1	29	69	35	2013.9143	17.1429	1.015
3903	gradient	0.2248	-0.2896	2	57	158	29	2011.6552	28.6552	0.8948
3972	growth	0.6611	-0.1851	1	77	361	97	2014.0309	11.9691	0.6947
4019	habitat	-0.5539	-0.498	4	88	647	114	2013.307	34.5351	1.001
4369	identification	1.0284	0.0462	1	33	59	24	2014.5417	10.8333	0.8099
4388	impact	-0.069	0.4912	5	80	366	75	2013.8933	19.92	0.9454
4422	indicator	-1.1177	-0.0561	4	49	151	28	2013.3214	27.5357	0.8729
4482	insect	-0.7429	-0.6942	4	72	367	65	2012.0769	42.1077	1.1564
4602	invasion	0.3506	0.3009	5	63	211	50	2013.5	17.16	0.9118
4621	invertebrate	-0.825	-0.412	4	85	1016	197	2013.0508	23.934	1.0965
4735	knowledge	-0.9607	0.3798	3	75	396	67	2015.209	14.4627	1.0096
4775	lake	-0.0706	-0.3709	2	67	178	35	2015.2	14.5714	0.8902
4807	landscape	-0.5822	-0.9483	4	45	108	18	2012.7222	68.1111	0.7632
4821	landuse	-0.9631	-0.4467	4	62	240	40	2013.775	14	0.9968
4986	life-history	-0.1281	0.2679	1	85	403	85	2014.8	14.7412	0.9891
4999	light	0.8124	-0.498	1	43	80	19	2015.2632	10.1053	0.6585
5021	limiting similarity	0.3645	-0.9253	2	49	154	26	2013.6154	50.1538	1.6612
5053	litter	-0.4573	-0.103	4	47	111	27	2013.7407	37.3704	1.5504
5091	location	-0.4992	0.3072	3	88	568	115	2014.3391	14.8435	0.8451
5194	macrofauna	-0.2945	0.8346	3	52	143	28	2013.9643	15.1071	0.9646
5213	macrophyte	-0.0039	-0.8956	2	64	243	42	2014.0476	14.881	0.7419
5244	management	-0.4643	-0.6452	2	71	331	66	2014.5909	12.0303	1.0057
5275	marine	0.2522	0.6797	3	95	1193	284	2014.6268	14.1901	0.9727
5294	marine biodiversity	-0.6625	0.9097	3	49	138	24	2014.5	18.5417	0.9906
5465	mechanisms	0.4822	-0.3752	1	47	96	18	2014.5556	31.3333	1.3906
5726	model	0.4775	-0.0017	1	77	332	63	2014.3016	18.7302	0.8728
5823	morphology	0.5748	0.281	1	79	427	122	2013.0902	17.8279	0.7764
6300	nutrient	0.3512	-0.1505	1	78	355	74	2014.3108	19.2297	0.9514
6341	ocean acidification	0.4497	0.8137	1	43	124	31	2015.8387	12.6452	1.4841
6447	organicmatter	-0.7474	0.5286	3	41	117	33	2013.4545	21	1.1407
6622	pattern	-0.2096	0.0756	2	92	785	141	2013.3759	26.0496	1.0674
6770	photosynthesis	0.8908	-0.3285	1	42	99	25	2013.84	15.84	0.7668
6817	phylogeny	0.8207	-0.1208	1	43	114	31	2012.4839	26.2903	0.8209
6846	phytoplankton	0.9913	-0.162	1	68	377	81	2014.4815	16.7531	1.2055
6911	plankton	1.1516	-0.0876	1	45	157	32	2015.1875	10.125	0.9191
6922	plant	0.4261	-0.6901	2	73	250	68	2012.7206	27.3824	0.9928
7036	pollution	-0.9385	-0.1704	4	38	80	18	2011.6667	35.3889	0.7474
7081	population	0.6151	0.1453	1	75	222	51	2013.7647	18.5686	0.799
7239	productivity	0.2039	0.0636	5	68	208	38	2012.9474	35	1.0426
7339	quality	-0.423	-0.8703	4	57	127	29	2013.3793	50.1034	1.0695
7431	rate	0.8725	0.0238	1	54	153	32	2015.0625	26.0312	1.4637
7501	redundancy	-0.9491	0.5609	3	65	340	55	2014.6545	21.1091	0.915
7506	reef	-0.0987	0.915	3	54	164	40	2014.55	25.475	1.2241
7623	resilience	-0.5829	0.4832	5	59	210	33	2014.7576	22	1.1055
7656	response	-0.1232	-0.2446	5	74	270	53	2014.6792	33.6226	1.6211
7739	river	-0.9191	-0.7107	4	67	488	87	2011.7931	35.1379	1.1117
7852	salinity	0.1137	-0.3938	2	52	89	20	2014.35	7.25	0.4679
7935	scale	-0.2668	-0.2651	2	70	171	29	2014.3103	12.069	0.8134
8060	sediment	-0.7028	0.6945	3	62	257	56	2013.7321	21.8214	0.7638
8105	selection	0.6265	-0.0199	1	52	93	29	2011.5862	20.2414	0.7685
8143	sequence	1.1943	0.1953	1	22	46	18	2012.1111	114.5	1.4391
8286	size	0.6419	0.4893	1	94	779	152	2014.5658	19.4934	1.0944
8644	stability	0.009	0.676	5	50	132	22	2012.8636	29.5909	1.0222
8684	statistical-method	0.3152	-0.4492	1	73	260	57	2013.7544	20.7895	0.9395
8728	strategy	0.1719	-0.8828	2	62	166	31	2011.129	23.1935	0.8219
8733	stream	-1.1273	-0.3231	4	61	298	50	2012.56	19.16	1.1382
8775	stressor	-1.0478	0.1872	4	36	93	20	2016.2	15.65	1.8727
8866	succession	-0.1354	-0.821	5	59	143	27	2012.963	17	0.6947
8973	system	-0.3254	-0.6481	4	54	128	23	2013.5217	21.9565	1.1199
9067	temperature	0.71	-0.3051	1	72	258	51	2014.4706	27.5098	1.5
9078	temporal	-0.3544	0.4853	3	49	92	20	2013.1	20.65	1.2618
9264	tradeoff	0.9405	0.4627	1	54	191	40	2013.45	32.15	1.2785
9265	trait	-0.588	-0.216	4	99	2238	416	2013.899	23.0168	1.0845
9588	variability	0.5716	-0.5155	1	53	126	20	2013.5	21.05	0.705
9604	vegetation	0.0427	-0.6962	2	78	452	97	2013.3608	18.3299	0.8242
9708	water	-0.1384	-0.701	2	69	276	65	2013.4769	17.5846	0.6991
9816	wetland	-0.2856	-0.4809	2	51	102	18	2012.7778	13.1111	0.6149
9931	zooplankton	0.4609	0.4803	1	53	125	27	2014.4444	10.2963	0.853
