50	526	4
50	612	2
50	791	13
50	874	3
50	1181	2
50	1461	5
50	1580	16
50	1991	2
50	2224	2
50	2237	1
50	2347	3
50	2477	4
50	2497	4
50	2506	1
50	2837	2
50	3049	4
50	3128	1
50	3242	4
50	3257	1
50	3368	1
50	3447	4
50	3504	6
50	3742	2
50	3851	5
50	4221	2
50	4258	1
50	4319	1
50	4431	1
50	4448	8
50	4539	1
50	4576	2
50	4825	4
50	4836	1
50	4912	2
50	5034	1
50	5052	3
50	5100	2
50	5120	3
50	5485	3
50	5574	1
50	6020	2
50	6155	3
50	6326	3
50	6528	1
50	6583	4
50	6902	1
50	6974	1
50	7241	1
50	7275	2
50	7366	6
50	7601	3
50	7700	1
50	7916	4
50	8136	1
50	8368	1
50	8373	3
50	8429	1
50	8601	1
50	8890	1
50	8893	11
50	9240	1
50	9260	2
50	9362	1
50	9499	5
50	9624	1
90	309	2
90	526	1
90	687	5
90	791	8
90	835	1
90	1461	2
90	1580	4
90	1696	2
90	2185	1
90	2224	1
90	2237	2
90	2347	2
90	2477	4
90	2497	1
90	2506	1
90	2844	12
90	3049	15
90	3128	1
90	3242	6
90	3257	1
90	3368	4
90	3504	2
90	3742	2
90	3813	2
90	3851	2
90	4206	1
90	4221	1
90	4258	1
90	4431	2
90	4448	1
90	4576	2
90	4643	1
90	4825	6
90	4876	1
90	4912	1
90	5052	1
90	5120	1
90	5485	1
90	5574	30
90	6326	4
90	6501	2
90	6583	3
90	6691	1
90	6736	9
90	6902	1
90	7744	5
90	7916	7
90	8163	12
90	8315	3
90	8429	1
90	8511	1
90	8698	4
90	8890	2
90	8893	5
90	9240	1
309	791	2
309	1461	1
309	1580	2
309	1637	1
309	2477	1
309	2506	1
309	2844	2
309	3049	4
309	3242	5
309	3368	2
309	3851	1
309	4319	1
309	4448	1
309	4825	3
309	4854	1
309	5574	5
309	6691	2
309	6736	4
309	7275	1
309	7366	1
309	7744	1
309	7916	1
309	8163	3
309	8893	2
526	781	2
526	791	80
526	835	2
526	874	1
526	886	1
526	901	7
526	1449	3
526	1461	14
526	1580	78
526	1637	2
526	1695	3
526	1696	11
526	2185	4
526	2224	16
526	2237	13
526	2309	3
526	2347	10
526	2477	25
526	2497	13
526	2506	17
526	2525	3
526	2693	6
526	2837	2
526	2844	3
526	3049	30
526	3128	4
526	3158	2
526	3242	6
526	3257	5
526	3368	23
526	3447	49
526	3504	29
526	3742	10
526	3851	26
526	4221	5
526	4258	10
526	4319	6
526	4431	3
526	4448	32
526	4539	13
526	4576	10
526	4643	5
526	4663	10
526	4825	16
526	4854	9
526	4876	2
526	4912	16
526	5034	1
526	5052	3
526	5100	10
526	5120	10
526	5485	10
526	5574	10
526	6326	34
526	6501	2
526	6528	8
526	6570	3
526	6583	1
526	6691	1
526	6902	1
526	6974	8
526	7122	11
526	7241	6
526	7275	5
526	7366	20
526	7601	5
526	7700	3
526	7744	1
526	7916	3
526	8136	3
526	8163	6
526	8315	10
526	8368	6
526	8373	13
526	8429	4
526	8511	4
526	8601	5
526	8711	3
526	8893	82
526	8933	3
526	9240	7
526	9260	4
526	9362	2
526	9499	2
526	9624	1
612	791	14
612	835	2
612	874	1
612	1181	2
612	1461	1
612	1580	6
612	1695	1
612	2185	1
612	2224	3
612	2347	4
612	2477	2
612	2497	4
612	2506	4
612	2525	1
612	2693	1
612	2844	1
612	3368	1
612	3447	1
612	3504	3
612	3813	2
612	4221	1
612	4448	1
612	4576	3
612	4836	1
612	4854	1
612	4876	2
612	4912	1
612	5052	1
612	5100	1
612	5120	3
612	6020	2
612	6155	4
612	6326	2
612	6501	1
612	7122	1
612	7366	1
612	7601	1
612	7700	1
612	7916	1
612	8136	1
612	8373	2
612	8698	1
612	8890	1
612	8893	3
612	9499	1
687	791	3
687	1461	1
687	1637	1
687	2237	2
687	2347	1
687	2477	1
687	2506	2
687	2844	6
687	3049	5
687	3158	1
687	3242	3
687	3504	2
687	3742	1
687	4221	1
687	4319	1
687	4431	2
687	4825	1
687	4912	1
687	5034	1
687	5120	1
687	5574	8
687	6326	2
687	6902	1
687	7744	1
687	7916	1
687	8163	2
687	8890	1
687	9240	1
687	9362	1
781	791	4
781	901	1
781	1580	8
781	2224	1
781	2477	1
781	2497	1
781	2506	1
781	2693	2
781	3049	4
781	3242	1
781	3368	6
781	3447	3
781	3504	3
781	3742	1
781	3851	5
781	4206	1
781	4221	1
781	4258	4
781	4319	6
781	4448	13
781	4539	1
781	4663	1
781	4825	1
781	5052	1
781	5100	1
781	5120	2
781	6326	2
781	6691	1
781	6974	4
781	7122	2
781	7275	2
781	7366	11
781	7601	1
781	8315	4
781	8373	2
781	8429	3
781	8601	1
781	8893	18
781	9362	3
791	835	8
791	874	12
791	886	5
791	901	5
791	1181	8
791	1449	9
791	1461	55
791	1580	247
791	1637	20
791	1695	16
791	1696	40
791	1991	14
791	2185	24
791	2224	45
791	2237	55
791	2309	7
791	2347	33
791	2477	93
791	2497	67
791	2506	103
791	2525	14
791	2693	12
791	2837	9
791	2844	7
791	3049	85
791	3128	21
791	3158	6
791	3242	50
791	3257	17
791	3368	56
791	3447	149
791	3504	116
791	3742	19
791	3813	10
791	3851	75
791	4206	1
791	4221	32
791	4258	16
791	4319	24
791	4431	17
791	4448	114
791	4539	48
791	4576	41
791	4643	10
791	4663	39
791	4825	40
791	4836	4
791	4854	13
791	4876	11
791	4912	52
791	5034	16
791	5052	23
791	5100	30
791	5120	53
791	5485	16
791	5574	22
791	6020	20
791	6155	13
791	6326	96
791	6501	7
791	6528	27
791	6570	14
791	6583	18
791	6691	6
791	6736	9
791	6902	24
791	6974	14
791	7122	34
791	7241	20
791	7275	25
791	7366	79
791	7601	11
791	7700	26
791	7744	3
791	7916	49
791	8136	6
791	8163	13
791	8315	31
791	8368	12
791	8373	47
791	8429	9
791	8511	8
791	8601	10
791	8698	12
791	8711	11
791	8890	6
791	8893	235
791	8933	10
791	9240	11
791	9260	37
791	9362	23
791	9499	10
791	9624	10
835	1461	2
835	1580	8
835	1696	1
835	2185	2
835	2237	2
835	2477	3
835	2497	3
835	2506	1
835	2844	2
835	3049	6
835	3242	1
835	3368	2
835	3447	1
835	3504	5
835	3742	1
835	3813	1
835	3851	1
835	4448	1
835	4576	2
835	4825	2
835	5034	2
835	5120	4
835	5574	2
835	6326	6
835	6501	1
835	6528	1
835	6570	1
835	6583	1
835	6736	2
835	7916	4
835	8315	1
835	8368	1
835	8511	1
835	8711	1
835	8890	1
835	8893	6
835	9260	1
835	9362	1
874	886	1
874	1181	1
874	1580	7
874	2237	3
874	2347	1
874	2477	3
874	2497	4
874	2506	1
874	2525	1
874	2693	1
874	2844	1
874	3049	1
874	3242	2
874	3257	1
874	3368	2
874	3447	5
874	3504	4
874	3813	5
874	3851	1
874	4431	1
874	4448	4
874	4539	1
874	4576	1
874	4825	2
874	4836	1
874	4876	1
874	4912	4
874	5052	3
874	5100	2
874	5120	1
874	5574	7
874	6020	2
874	6155	1
874	6326	3
874	6528	2
874	6570	1
874	6583	5
874	6736	1
874	6902	1
874	6974	3
874	7122	1
874	7241	1
874	7275	2
874	7366	2
874	7700	2
874	8315	2
874	8368	1
874	8601	1
874	8698	1
874	8893	5
874	9260	3
874	9362	2
874	9499	1
874	9624	3
886	901	3
886	1461	1
886	1580	7
886	2224	3
886	2309	1
886	2477	1
886	2497	1
886	2525	1
886	2693	1
886	2837	1
886	3049	3
886	3128	1
886	3242	3
886	3368	1
886	3447	5
886	3504	2
886	3742	1
886	3851	5
886	4206	1
886	4258	2
886	4319	2
886	4431	1
886	4448	15
886	4539	1
886	4576	1
886	4643	1
886	4663	3
886	4825	3
886	4912	2
886	5100	2
886	5574	1
886	6155	1
886	6326	1
886	6501	1
886	6583	1
886	6974	4
886	7366	11
886	7601	1
886	7700	1
886	8136	2
886	8315	2
886	8373	4
886	8429	3
886	8601	3
886	8890	1
886	8893	18
886	9240	1
886	9362	1
901	1461	1
901	1580	13
901	2477	1
901	2497	1
901	2693	1
901	2837	2
901	3049	7
901	3128	1
901	3242	2
901	3257	1
901	3368	6
901	3447	4
901	3504	4
901	3742	2
901	3851	4
901	4258	4
901	4448	8
901	4539	4
901	4576	1
901	4643	2
901	4663	8
901	4825	1
901	4912	2
901	5052	1
901	5100	3
901	5485	1
901	6326	2
901	6501	1
901	6528	1
901	6691	1
901	6974	2
901	7275	1
901	7366	5
901	7601	1
901	8136	1
901	8315	3
901	8368	1
901	8373	5
901	8429	2
901	8601	3
901	8698	1
901	8893	13
901	9240	1
901	9362	1
1181	1449	2
1181	1580	5
1181	2237	2
1181	2477	2
1181	2497	4
1181	2506	2
1181	2844	2
1181	3049	2
1181	3242	3
1181	3257	1
1181	3368	2
1181	3447	1
1181	3504	1
1181	4221	3
1181	4258	1
1181	4448	1
1181	4539	2
1181	4576	2
1181	4836	1
1181	4876	1
1181	5100	1
1181	5120	2
1181	5485	1
1181	6020	4
1181	6155	5
1181	6528	3
1181	6570	1
1181	6691	1
1181	6902	2
1181	7122	2
1181	7275	2
1181	7366	2
1181	7601	3
1181	7700	1
1181	7916	1
1181	8893	6
1181	9240	1
1181	9260	2
1181	9362	1
1181	9499	2
1449	1461	1
1449	1580	9
1449	1637	1
1449	1991	1
1449	2224	3
1449	2237	1
1449	2309	3
1449	2347	4
1449	2477	1
1449	2497	5
1449	2506	3
1449	2693	1
1449	2837	1
1449	2844	3
1449	3049	2
1449	3242	1
1449	3257	2
1449	3368	1
1449	3447	3
1449	3504	4
1449	3742	1
1449	3813	1
1449	4221	1
1449	4258	1
1449	4448	1
1449	4539	1
1449	4576	3
1449	4663	2
1449	4825	2
1449	4836	1
1449	4876	3
1449	4912	4
1449	5034	2
1449	5052	1
1449	5100	2
1449	5485	1
1449	5574	1
1449	6020	1
1449	6326	4
1449	6528	2
1449	6570	1
1449	6583	1
1449	6902	1
1449	7122	1
1449	7241	1
1449	7275	1
1449	7366	1
1449	7601	2
1449	7916	3
1449	8315	1
1449	8373	1
1449	8511	2
1449	8698	1
1449	8711	1
1449	8893	8
1449	9260	5
1449	9362	3
1461	1580	45
1461	1637	3
1461	1695	1
1461	1696	6
1461	1991	1
1461	2185	4
1461	2224	4
1461	2237	5
1461	2309	8
1461	2347	8
1461	2477	12
1461	2497	14
1461	2506	18
1461	2525	5
1461	2693	2
1461	2837	4
1461	2844	3
1461	3049	26
1461	3158	3
1461	3242	13
1461	3257	2
1461	3368	16
1461	3447	25
1461	3504	36
1461	3742	1
1461	3813	3
1461	3851	13
1461	4221	6
1461	4258	3
1461	4319	12
1461	4431	4
1461	4448	25
1461	4539	8
1461	4576	6
1461	4663	11
1461	4825	18
1461	4836	1
1461	4854	2
1461	4876	2
1461	4912	13
1461	5034	2
1461	5052	3
1461	5120	15
1461	5485	6
1461	5574	7
1461	6020	3
1461	6155	3
1461	6326	12
1461	6501	3
1461	6528	7
1461	6570	2
1461	6583	4
1461	6691	1
1461	6736	3
1461	6974	4
1461	7122	7
1461	7241	9
1461	7275	5
1461	7366	14
1461	7601	3
1461	7700	1
1461	7916	11
1461	8136	2
1461	8163	1
1461	8315	4
1461	8368	2
1461	8373	10
1461	8429	10
1461	8511	2
1461	8601	4
1461	8698	14
1461	8711	2
1461	8890	4
1461	8893	45
1461	8933	8
1461	9240	4
1461	9260	7
1461	9362	6
1461	9499	2
1461	9624	4
1580	1637	18
1580	1695	12
1580	1696	29
1580	1991	7
1580	2185	25
1580	2224	46
1580	2237	45
1580	2309	7
1580	2347	38
1580	2477	62
1580	2497	52
1580	2506	58
1580	2525	12
1580	2693	9
1580	2837	9
1580	2844	9
1580	3049	67
1580	3128	19
1580	3158	6
1580	3242	52
1580	3257	22
1580	3368	50
1580	3447	123
1580	3504	111
1580	3742	22
1580	3813	13
1580	3851	70
1580	4206	1
1580	4221	27
1580	4258	20
1580	4319	28
1580	4431	19
1580	4448	97
1580	4539	30
1580	4576	31
1580	4643	13
1580	4663	28
1580	4825	45
1580	4836	3
1580	4854	12
1580	4876	9
1580	4912	49
1580	5034	8
1580	5052	14
1580	5100	29
1580	5120	43
1580	5485	25
1580	5574	23
1580	6020	13
1580	6155	7
1580	6326	71
1580	6501	5
1580	6528	30
1580	6570	12
1580	6583	18
1580	6691	7
1580	6736	7
1580	6902	14
1580	6974	19
1580	7122	28
1580	7241	12
1580	7275	16
1580	7366	73
1580	7601	13
1580	7700	19
1580	7744	2
1580	7916	48
1580	8136	7
1580	8163	4
1580	8315	28
1580	8368	12
1580	8373	38
1580	8429	14
1580	8511	10
1580	8601	9
1580	8698	15
1580	8711	11
1580	8890	7
1580	8893	215
1580	8933	11
1580	9240	15
1580	9260	38
1580	9362	21
1580	9499	15
1580	9624	12
1637	1696	1
1637	2185	1
1637	2224	3
1637	2237	4
1637	2347	5
1637	2477	8
1637	2497	3
1637	2506	5
1637	2525	1
1637	2837	1
1637	3049	6
1637	3242	8
1637	3257	3
1637	3368	2
1637	3447	9
1637	3504	12
1637	3742	2
1637	3813	7
1637	3851	4
1637	4221	3
1637	4431	2
1637	4448	2
1637	4539	1
1637	4576	2
1637	4663	1
1637	4825	1
1637	4836	5
1637	4854	3
1637	4912	4
1637	5052	2
1637	5100	1
1637	5120	1
1637	5485	6
1637	5574	5
1637	6020	3
1637	6326	7
1637	6528	5
1637	6570	1
1637	6583	1
1637	6902	2
1637	7122	1
1637	7241	1
1637	7275	1
1637	7366	2
1637	7601	4
1637	7700	1
1637	7916	4
1637	8315	3
1637	8511	1
1637	8601	1
1637	8711	3
1637	8890	1
1637	8893	11
1637	8933	1
1637	9240	2
1637	9260	3
1695	1696	3
1695	2185	4
1695	2224	2
1695	2237	4
1695	2309	1
1695	2347	4
1695	2477	3
1695	2497	3
1695	2525	1
1695	2693	1
1695	3049	5
1695	3128	1
1695	3158	1
1695	3242	1
1695	3257	1
1695	3447	7
1695	3504	8
1695	3851	3
1695	4221	1
1695	4319	1
1695	4448	5
1695	4539	1
1695	4576	1
1695	4643	1
1695	4663	1
1695	4825	4
1695	4854	1
1695	4912	4
1695	5052	1
1695	5100	2
1695	5120	1
1695	5485	1
1695	5574	1
1695	6155	1
1695	6326	7
1695	6528	2
1695	6736	1
1695	6974	1
1695	7122	1
1695	7275	1
1695	7366	4
1695	8315	1
1695	8373	1
1695	8711	1
1695	8893	5
1695	9240	1
1695	9260	1
1695	9362	2
1695	9499	2
1696	2185	3
1696	2224	2
1696	2237	6
1696	2309	1
1696	2347	6
1696	2477	12
1696	2497	7
1696	2506	7
1696	2525	1
1696	2693	2
1696	2844	3
1696	3049	14
1696	3128	1
1696	3158	3
1696	3242	7
1696	3257	3
1696	3368	5
1696	3447	20
1696	3504	10
1696	3742	2
1696	3851	7
1696	4206	1
1696	4221	2
1696	4258	3
1696	4319	2
1696	4431	6
1696	4448	8
1696	4539	3
1696	4576	3
1696	4643	4
1696	4663	9
1696	4825	12
1696	4854	1
1696	4912	12
1696	5034	2
1696	5052	1
1696	5100	1
1696	5120	3
1696	5485	1
1696	5574	3
1696	6020	1
1696	6326	6
1696	6501	1
1696	6583	3
1696	6736	2
1696	6902	2
1696	6974	1
1696	7122	9
1696	7241	1
1696	7275	2
1696	7366	7
1696	7601	2
1696	7700	2
1696	7916	6
1696	8163	4
1696	8368	2
1696	8373	4
1696	8511	2
1696	8601	1
1696	8711	2
1696	8893	21
1696	8933	1
1696	9260	1
1696	9362	3
1696	9499	2
1991	2237	2
1991	2347	1
1991	2497	4
1991	2506	2
1991	3242	4
1991	3257	1
1991	3368	3
1991	3447	7
1991	3504	3
1991	3742	1
1991	4448	8
1991	4539	1
1991	4663	2
1991	4825	1
1991	4876	6
1991	4912	1
1991	5120	1
1991	6155	3
1991	6902	1
1991	6974	1
1991	7122	1
1991	7275	2
1991	7366	2
1991	8373	3
1991	8511	2
1991	8698	1
1991	8890	1
1991	8893	10
1991	8933	1
1991	9260	1
1991	9362	1
2185	2224	2
2185	2237	6
2185	2309	1
2185	2347	7
2185	2477	4
2185	2497	2
2185	2506	8
2185	2837	1
2185	2844	1
2185	3049	11
2185	3128	1
2185	3158	4
2185	3242	2
2185	3257	2
2185	3368	3
2185	3447	7
2185	3504	17
2185	3742	1
2185	3813	1
2185	3851	8
2185	4319	2
2185	4431	3
2185	4448	13
2185	4539	4
2185	4576	5
2185	4663	1
2185	4825	5
2185	4912	3
2185	5034	1
2185	5052	3
2185	5100	4
2185	5485	3
2185	5574	5
2185	6326	11
2185	6501	1
2185	6528	2
2185	6583	3
2185	6736	2
2185	6902	1
2185	7241	2
2185	7366	5
2185	7601	2
2185	7916	10
2185	8136	1
2185	8315	2
2185	8368	1
2185	8373	2
2185	8429	1
2185	8511	2
2185	8711	1
2185	8893	17
2185	8933	1
2185	9260	4
2185	9362	2
2185	9499	1
2185	9624	2
2224	2237	2
2224	2309	4
2224	2347	6
2224	2477	17
2224	2497	8
2224	2506	16
2224	2693	1
2224	2837	2
2224	3049	10
2224	3128	3
2224	3158	3
2224	3242	2
2224	3257	2
2224	3368	7
2224	3447	13
2224	3504	18
2224	3742	1
2224	3813	3
2224	3851	16
2224	4206	1
2224	4221	12
2224	4258	8
2224	4319	4
2224	4431	2
2224	4448	33
2224	4539	4
2224	4576	4
2224	4643	2
2224	4663	7
2224	4825	7
2224	4876	3
2224	4912	13
2224	5034	2
2224	5052	1
2224	5100	8
2224	5120	5
2224	5485	3
2224	5574	1
2224	6020	2
2224	6155	1
2224	6326	11
2224	6528	5
2224	6570	1
2224	6583	4
2224	6691	3
2224	6902	4
2224	6974	2
2224	7122	1
2224	7241	12
2224	7275	6
2224	7366	14
2224	7601	2
2224	7700	3
2224	7916	6
2224	8163	1
2224	8315	7
2224	8373	8
2224	8429	4
2224	8511	1
2224	8601	2
2224	8698	4
2224	8711	1
2224	8893	51
2224	8933	1
2224	9240	2
2224	9260	6
2224	9362	3
2224	9499	1
2224	9624	2
2237	2309	1
2237	2347	5
2237	2477	13
2237	2497	7
2237	2506	14
2237	2525	2
2237	2693	1
2237	2837	1
2237	2844	3
2237	3049	16
2237	3128	1
2237	3158	2
2237	3242	9
2237	3257	7
2237	3368	6
2237	3447	36
2237	3504	15
2237	3742	2
2237	3813	2
2237	3851	7
2237	4221	4
2237	4258	1
2237	4319	1
2237	4431	2
2237	4448	8
2237	4539	6
2237	4576	6
2237	4643	3
2237	4663	5
2237	4825	3
2237	4836	2
2237	4854	1
2237	4876	2
2237	4912	4
2237	5034	2
2237	5052	4
2237	5100	4
2237	5120	10
2237	5485	6
2237	5574	4
2237	6155	2
2237	6326	18
2237	6501	1
2237	6528	2
2237	6583	3
2237	6736	3
2237	6902	4
2237	6974	4
2237	7122	2
2237	7275	1
2237	7366	6
2237	7601	1
2237	7700	3
2237	7744	1
2237	7916	10
2237	8136	1
2237	8163	5
2237	8315	2
2237	8373	6
2237	8511	3
2237	8601	1
2237	8711	3
2237	8890	1
2237	8893	40
2237	9240	1
2237	9260	7
2237	9362	6
2237	9499	2
2237	9624	2
2309	2477	2
2309	2497	1
2309	2844	1
2309	3049	3
2309	3368	6
2309	3447	5
2309	3504	9
2309	3742	1
2309	3813	1
2309	3851	2
2309	4221	1
2309	4258	2
2309	4319	2
2309	4448	9
2309	4576	1
2309	4663	3
2309	4825	1
2309	4876	1
2309	4912	4
2309	5100	2
2309	5574	1
2309	6020	1
2309	6326	3
2309	6583	4
2309	6691	1
2309	6736	1
2309	6974	2
2309	7122	1
2309	7241	3
2309	7275	1
2309	7366	5
2309	8373	3
2309	8429	1
2309	8511	1
2309	8711	1
2309	8893	13
2309	9260	1
2309	9362	3
2347	2477	18
2347	2497	14
2347	2506	9
2347	2525	1
2347	2693	1
2347	2837	3
2347	2844	5
2347	3049	7
2347	3128	2
2347	3158	1
2347	3242	12
2347	3257	2
2347	3368	4
2347	3447	16
2347	3504	11
2347	3742	1
2347	3813	8
2347	3851	5
2347	4206	1
2347	4221	6
2347	4258	2
2347	4319	2
2347	4431	4
2347	4448	11
2347	4539	5
2347	4576	11
2347	4643	1
2347	4663	2
2347	4825	5
2347	4836	1
2347	4876	4
2347	4912	9
2347	5034	1
2347	5052	2
2347	5100	2
2347	5120	7
2347	5485	2
2347	5574	4
2347	6020	2
2347	6155	1
2347	6326	13
2347	6501	1
2347	6528	12
2347	6570	4
2347	6583	4
2347	6736	5
2347	6902	2
2347	6974	1
2347	7122	1
2347	7241	1
2347	7275	3
2347	7366	11
2347	7601	1
2347	7700	6
2347	7744	2
2347	7916	11
2347	8315	6
2347	8368	2
2347	8373	4
2347	8511	4
2347	8601	4
2347	8698	2
2347	8890	3
2347	8893	22
2347	8933	3
2347	9240	4
2347	9260	7
2347	9362	2
2347	9499	2
2347	9624	2
2477	2497	21
2477	2506	26
2477	2525	3
2477	2693	3
2477	2837	2
2477	2844	8
2477	3049	24
2477	3128	5
2477	3158	4
2477	3242	17
2477	3257	5
2477	3368	19
2477	3447	42
2477	3504	31
2477	3742	5
2477	3813	5
2477	3851	30
2477	4206	3
2477	4221	11
2477	4258	1
2477	4319	10
2477	4431	7
2477	4448	43
2477	4539	20
2477	4576	13
2477	4643	3
2477	4663	5
2477	4825	13
2477	4836	2
2477	4854	5
2477	4876	3
2477	4912	17
2477	5034	2
2477	5052	7
2477	5100	14
2477	5120	8
2477	5485	12
2477	5574	8
2477	6020	9
2477	6155	2
2477	6326	30
2477	6501	1
2477	6528	13
2477	6570	8
2477	6583	5
2477	6691	1
2477	6736	4
2477	6902	9
2477	6974	4
2477	7122	9
2477	7241	3
2477	7275	9
2477	7366	29
2477	7601	3
2477	7700	4
2477	7744	1
2477	7916	14
2477	8136	4
2477	8163	3
2477	8315	15
2477	8368	3
2477	8373	11
2477	8429	1
2477	8511	1
2477	8601	6
2477	8698	8
2477	8711	1
2477	8890	3
2477	8893	83
2477	8933	4
2477	9240	5
2477	9260	10
2477	9362	7
2477	9499	4
2477	9624	6
2497	2506	5
2497	2693	1
2497	2837	3
2497	2844	6
2497	3049	18
2497	3128	5
2497	3158	4
2497	3242	11
2497	3257	4
2497	3368	14
2497	3447	32
2497	3504	28
2497	3742	5
2497	3813	1
2497	3851	19
2497	4206	1
2497	4221	12
2497	4258	4
2497	4319	5
2497	4431	5
2497	4448	38
2497	4539	12
2497	4576	7
2497	4643	6
2497	4663	10
2497	4825	7
2497	4876	2
2497	4912	10
2497	5034	3
2497	5052	1
2497	5100	14
2497	5120	16
2497	5485	1
2497	5574	4
2497	6020	5
2497	6155	2
2497	6326	24
2497	6501	2
2497	6528	5
2497	6570	2
2497	6583	1
2497	6691	2
2497	6736	3
2497	6902	2
2497	6974	4
2497	7122	9
2497	7241	4
2497	7275	8
2497	7366	19
2497	7601	4
2497	7700	5
2497	7916	12
2497	8163	2
2497	8315	10
2497	8368	3
2497	8373	13
2497	8429	3
2497	8511	3
2497	8601	5
2497	8698	3
2497	8711	2
2497	8890	1
2497	8893	58
2497	8933	2
2497	9240	3
2497	9260	8
2497	9362	12
2497	9499	2
2497	9624	1
2506	2525	3
2506	2693	1
2506	2837	1
2506	2844	4
2506	3049	16
2506	3128	4
2506	3158	1
2506	3242	18
2506	3257	2
2506	3368	20
2506	3447	45
2506	3504	35
2506	3742	5
2506	3851	7
2506	4221	13
2506	4258	3
2506	4319	2
2506	4431	4
2506	4448	26
2506	4539	15
2506	4576	9
2506	4643	1
2506	4663	7
2506	4825	10
2506	4836	1
2506	4854	11
2506	4876	6
2506	4912	14
2506	5034	6
2506	5052	2
2506	5100	9
2506	5120	24
2506	5485	8
2506	5574	3
2506	6020	8
2506	6155	9
2506	6326	10
2506	6528	4
2506	6570	4
2506	6583	1
2506	6691	3
2506	6902	7
2506	6974	1
2506	7122	13
2506	7241	6
2506	7275	6
2506	7366	12
2506	7601	2
2506	7700	15
2506	7916	13
2506	8136	2
2506	8163	1
2506	8315	7
2506	8368	3
2506	8373	11
2506	8429	4
2506	8601	1
2506	8698	2
2506	8711	6
2506	8890	4
2506	8893	64
2506	8933	2
2506	9240	3
2506	9260	9
2506	9362	1
2506	9499	3
2506	9624	5
2525	2837	3
2525	3049	6
2525	3128	1
2525	3242	2
2525	3257	2
2525	3368	3
2525	3447	5
2525	3504	7
2525	3742	1
2525	3851	3
2525	4221	1
2525	4431	3
2525	4448	1
2525	4539	5
2525	4576	2
2525	4825	2
2525	4854	2
2525	4912	4
2525	5034	1
2525	5052	1
2525	5100	4
2525	5120	4
2525	5574	1
2525	6020	1
2525	6326	1
2525	6501	1
2525	6902	2
2525	6974	1
2525	7122	4
2525	7241	2
2525	7275	1
2525	7366	2
2525	7700	2
2525	7744	1
2525	7916	2
2525	8136	1
2525	8373	2
2525	8429	1
2525	8893	11
2525	8933	1
2525	9260	2
2525	9362	2
2525	9499	2
2693	3049	7
2693	3128	1
2693	3242	2
2693	3368	3
2693	3447	6
2693	3504	7
2693	3742	1
2693	3851	4
2693	4319	1
2693	4448	12
2693	4539	1
2693	4576	1
2693	4643	1
2693	4663	3
2693	4825	2
2693	4854	1
2693	4876	1
2693	4912	4
2693	5034	1
2693	5052	2
2693	5485	1
2693	6020	1
2693	6326	3
2693	6528	2
2693	6570	1
2693	6583	1
2693	6974	1
2693	7275	3
2693	7366	7
2693	7916	2
2693	8136	2
2693	8315	4
2693	8368	2
2693	8373	1
2693	8429	3
2693	8698	1
2693	8711	1
2693	8893	18
2693	8933	2
2693	9260	1
2693	9362	2
2693	9499	1
2837	3049	2
2837	3368	3
2837	3447	1
2837	3504	5
2837	3742	1
2837	3813	2
2837	3851	2
2837	4206	1
2837	4221	1
2837	4258	1
2837	4319	1
2837	4431	2
2837	4448	4
2837	4576	4
2837	4663	2
2837	4825	1
2837	4912	4
2837	5052	8
2837	5100	4
2837	5120	4
2837	5485	1
2837	5574	1
2837	6020	6
2837	6155	1
2837	6326	1
2837	6528	3
2837	6583	3
2837	6902	1
2837	6974	4
2837	7122	2
2837	7241	3
2837	7275	1
2837	7366	4
2837	7601	1
2837	7700	2
2837	7916	1
2837	8315	2
2837	8368	2
2837	8373	1
2837	8429	1
2837	8698	1
2837	8711	1
2837	8893	13
2837	9260	5
2837	9362	6
2837	9499	2
2844	3049	19
2844	3128	1
2844	3158	1
2844	3242	8
2844	3257	3
2844	3368	3
2844	3447	3
2844	3504	9
2844	3742	1
2844	3813	3
2844	3851	3
2844	4206	2
2844	4221	1
2844	4319	4
2844	4431	3
2844	4448	3
2844	4539	1
2844	4576	4
2844	4643	1
2844	4825	3
2844	4876	1
2844	4912	1
2844	5034	1
2844	5100	1
2844	5120	3
2844	5485	1
2844	5574	23
2844	6326	10
2844	6501	7
2844	6528	1
2844	6583	1
2844	6736	6
2844	6902	1
2844	7366	1
2844	7601	1
2844	7700	1
2844	7744	6
2844	7916	9
2844	8163	4
2844	8315	1
2844	8601	1
2844	8698	2
2844	8890	2
2844	8893	11
2844	9260	4
2844	9362	2
2844	9624	2
3049	3128	4
3049	3158	1
3049	3242	25
3049	3257	4
3049	3368	22
3049	3447	45
3049	3504	39
3049	3742	5
3049	3813	2
3049	3851	23
3049	4206	1
3049	4221	10
3049	4258	4
3049	4319	5
3049	4431	11
3049	4448	45
3049	4539	7
3049	4576	14
3049	4643	2
3049	4663	14
3049	4825	29
3049	4854	4
3049	4912	28
3049	5034	4
3049	5052	7
3049	5100	8
3049	5120	18
3049	5485	13
3049	5574	33
3049	6020	2
3049	6326	38
3049	6501	5
3049	6528	3
3049	6570	2
3049	6691	1
3049	6736	10
3049	6974	6
3049	7122	6
3049	7241	5
3049	7275	10
3049	7366	34
3049	7601	5
3049	7700	4
3049	7744	4
3049	7916	28
3049	8136	4
3049	8163	6
3049	8315	10
3049	8368	3
3049	8373	18
3049	8429	3
3049	8601	4
3049	8698	2
3049	8711	4
3049	8890	3
3049	8893	73
3049	8933	4
3049	9240	5
3049	9260	3
3049	9362	11
3049	9499	4
3049	9624	2
3128	3242	1
3128	3257	1
3128	3368	1
3128	3447	3
3128	3504	5
3128	3742	2
3128	3851	15
3128	4221	2
3128	4258	2
3128	4319	1
3128	4431	1
3128	4448	10
3128	4539	1
3128	4576	6
3128	4643	2
3128	4663	2
3128	4825	2
3128	4912	4
3128	5052	1
3128	5100	3
3128	5485	1
3128	5574	2
3128	6326	7
3128	6528	3
3128	6570	2
3128	6583	1
3128	6691	1
3128	6736	1
3128	6902	2
3128	6974	2
3128	7122	1
3128	7275	2
3128	7366	17
3128	7601	2
3128	7744	2
3128	7916	1
3128	8136	1
3128	8315	5
3128	8368	2
3128	8373	4
3128	8429	2
3128	8601	3
3128	8711	2
3128	8893	22
3128	9240	3
3128	9260	4
3128	9362	2
3128	9499	1
3128	9624	1
3158	3368	1
3158	3447	2
3158	3504	8
3158	3742	2
3158	3813	1
3158	3851	4
3158	4221	3
3158	4319	2
3158	4448	6
3158	4539	1
3158	4643	1
3158	4663	2
3158	4825	2
3158	4912	4
3158	5034	1
3158	5052	1
3158	5100	1
3158	5574	1
3158	6326	3
3158	6570	1
3158	6583	1
3158	6736	1
3158	6902	2
3158	6974	1
3158	7241	1
3158	7275	1
3158	7366	2
3158	7601	1
3158	7916	1
3158	8315	1
3158	8373	1
3158	8698	1
3158	8711	1
3158	8893	5
3158	9240	1
3158	9260	1
3158	9362	2
3242	3257	4
3242	3368	12
3242	3447	27
3242	3504	14
3242	3742	2
3242	3813	9
3242	3851	11
3242	4221	10
3242	4258	3
3242	4319	10
3242	4431	6
3242	4448	28
3242	4539	3
3242	4576	10
3242	4643	2
3242	4663	3
3242	4825	15
3242	4836	1
3242	4854	2
3242	4876	4
3242	4912	9
3242	5034	2
3242	5052	2
3242	5100	2
3242	5120	14
3242	5485	7
3242	5574	19
3242	6020	6
3242	6155	6
3242	6326	10
3242	6501	1
3242	6528	7
3242	6570	3
3242	6583	1
3242	6691	2
3242	6736	6
3242	6974	2
3242	7122	2
3242	7241	2
3242	7275	1
3242	7366	16
3242	7601	2
3242	7700	5
3242	7744	6
3242	7916	25
3242	8163	2
3242	8315	3
3242	8368	2
3242	8373	11
3242	8429	1
3242	8511	2
3242	8601	3
3242	8698	2
3242	8890	5
3242	8893	35
3242	8933	2
3242	9240	1
3242	9260	3
3242	9362	4
3242	9499	1
3242	9624	3
3257	3368	3
3257	3447	8
3257	3504	14
3257	3742	2
3257	3851	9
3257	4319	1
3257	4448	3
3257	4539	2
3257	4643	1
3257	4663	2
3257	4825	4
3257	4854	1
3257	4876	1
3257	4912	1
3257	5052	2
3257	5100	3
3257	5120	1
3257	5485	3
3257	5574	3
3257	6326	3
3257	6501	1
3257	6583	7
3257	6902	1
3257	7122	1
3257	7275	3
3257	7366	6
3257	7601	1
3257	7700	1
3257	7916	3
3257	8136	1
3257	8315	1
3257	8368	1
3257	8373	1
3257	8429	1
3257	8601	1
3257	8893	14
3257	9260	9
3368	3447	29
3368	3504	26
3368	3742	8
3368	3813	4
3368	3851	14
3368	4206	1
3368	4221	6
3368	4258	9
3368	4319	10
3368	4431	9
3368	4448	61
3368	4539	11
3368	4576	10
3368	4643	3
3368	4663	10
3368	4825	12
3368	4836	2
3368	4854	1
3368	4876	8
3368	4912	19
3368	5034	4
3368	5052	5
3368	5100	5
3368	5120	8
3368	5485	3
3368	5574	6
3368	6020	5
3368	6155	3
3368	6326	11
3368	6501	4
3368	6528	7
3368	6570	2
3368	6583	2
3368	6691	3
3368	6736	5
3368	6902	3
3368	6974	8
3368	7122	5
3368	7241	3
3368	7275	3
3368	7366	30
3368	7601	2
3368	7700	5
3368	7744	2
3368	7916	15
3368	8136	1
3368	8163	1
3368	8315	10
3368	8368	1
3368	8373	11
3368	8429	9
3368	8511	2
3368	8601	4
3368	8698	4
3368	8711	3
3368	8890	1
3368	8893	67
3368	8933	4
3368	9240	4
3368	9260	5
3368	9362	7
3368	9499	1
3368	9624	5
3447	3504	33
3447	3742	9
3447	3813	4
3447	3851	38
3447	4206	1
3447	4221	10
3447	4258	8
3447	4319	16
3447	4431	10
3447	4448	63
3447	4539	28
3447	4576	23
3447	4643	6
3447	4663	16
3447	4825	25
3447	4836	6
3447	4854	10
3447	4876	3
3447	4912	21
3447	5034	3
3447	5052	6
3447	5100	17
3447	5120	21
3447	5485	10
3447	5574	14
3447	6020	6
3447	6155	7
3447	6326	37
3447	6501	5
3447	6528	16
3447	6570	7
3447	6583	5
3447	6691	2
3447	6736	2
3447	6902	4
3447	6974	11
3447	7122	17
3447	7241	6
3447	7275	11
3447	7366	40
3447	7601	5
3447	7700	6
3447	7916	24
3447	8136	7
3447	8163	10
3447	8315	17
3447	8368	4
3447	8373	21
3447	8429	7
3447	8511	5
3447	8601	6
3447	8698	6
3447	8711	9
3447	8890	1
3447	8893	147
3447	8933	2
3447	9240	9
3447	9260	8
3447	9362	14
3447	9499	2
3447	9624	7
3504	3742	10
3504	3813	14
3504	3851	28
3504	4221	10
3504	4258	2
3504	4319	9
3504	4431	10
3504	4448	47
3504	4539	13
3504	4576	19
3504	4643	1
3504	4663	12
3504	4825	27
3504	4836	4
3504	4854	6
3504	4876	5
3504	4912	27
3504	5034	3
3504	5052	10
3504	5100	14
3504	5120	17
3504	5485	15
3504	5574	21
3504	6020	15
3504	6155	2
3504	6326	32
3504	6501	4
3504	6528	19
3504	6570	5
3504	6583	15
3504	6691	1
3504	6736	7
3504	6902	2
3504	6974	4
3504	7122	7
3504	7241	8
3504	7275	12
3504	7366	33
3504	7601	6
3504	7700	10
3504	7744	2
3504	7916	24
3504	8136	3
3504	8163	3
3504	8315	18
3504	8368	9
3504	8373	17
3504	8429	9
3504	8511	4
3504	8601	2
3504	8698	8
3504	8711	7
3504	8890	13
3504	8893	77
3504	8933	6
3504	9240	7
3504	9260	29
3504	9362	10
3504	9499	6
3504	9624	3
3742	3813	1
3742	3851	7
3742	4206	1
3742	4221	3
3742	4258	1
3742	4319	1
3742	4431	1
3742	4448	8
3742	4539	2
3742	4576	2
3742	4643	1
3742	4663	1
3742	4825	6
3742	4836	2
3742	4854	1
3742	4876	1
3742	4912	5
3742	5034	1
3742	5052	2
3742	5100	3
3742	5120	2
3742	5485	2
3742	5574	3
3742	6020	1
3742	6326	9
3742	6501	1
3742	6528	1
3742	6570	1
3742	6583	2
3742	6736	2
3742	6974	1
3742	7122	1
3742	7275	1
3742	7366	9
3742	7601	2
3742	7744	1
3742	7916	2
3742	8136	2
3742	8315	2
3742	8368	1
3742	8511	1
3742	8601	2
3742	8698	3
3742	8711	1
3742	8890	1
3742	8893	27
3742	8933	1
3742	9240	1
3742	9260	4
3742	9362	4
3742	9624	1
3813	4206	2
3813	4221	2
3813	4431	1
3813	4448	2
3813	4539	1
3813	4576	4
3813	4825	6
3813	4836	3
3813	4912	3
3813	5052	7
3813	5100	3
3813	5120	6
3813	5485	3
3813	5574	13
3813	6020	8
3813	6155	1
3813	6326	5
3813	6501	1
3813	6528	4
3813	6570	3
3813	6583	6
3813	6736	8
3813	6902	2
3813	6974	2
3813	7275	5
3813	7366	1
3813	7601	3
3813	7700	1
3813	7744	1
3813	7916	10
3813	8315	1
3813	8368	4
3813	8601	2
3813	8698	5
3813	8711	1
3813	8890	2
3813	8893	6
3813	9260	4
3813	9362	6
3813	9624	1
3851	4206	1
3851	4221	6
3851	4258	4
3851	4319	25
3851	4431	2
3851	4448	64
3851	4539	9
3851	4576	4
3851	4643	6
3851	4663	15
3851	4825	15
3851	4854	4
3851	4876	2
3851	4912	12
3851	5034	1
3851	5052	7
3851	5100	12
3851	5120	4
3851	5485	7
3851	5574	13
3851	6020	2
3851	6326	27
3851	6501	5
3851	6528	1
3851	6570	2
3851	6583	9
3851	6691	2
3851	6736	5
3851	6974	4
3851	7122	3
3851	7241	6
3851	7275	16
3851	7366	68
3851	7601	4
3851	7700	4
3851	7744	4
3851	7916	16
3851	8136	4
3851	8163	1
3851	8315	12
3851	8368	11
3851	8373	18
3851	8429	4
3851	8511	1
3851	8601	5
3851	8698	3
3851	8711	1
3851	8890	2
3851	8893	103
3851	8933	2
3851	9240	8
3851	9260	5
3851	9362	8
3851	9499	6
4206	4221	1
4206	4319	1
4206	4448	2
4206	4539	2
4206	4576	1
4206	4825	1
4206	5120	1
4206	6326	1
4206	6736	3
4206	7366	1
4206	8315	2
4206	8601	1
4206	8893	6
4206	9362	1
4206	9624	2
4221	4258	5
4221	4319	1
4221	4431	8
4221	4448	17
4221	4539	3
4221	4576	7
4221	4643	2
4221	4663	3
4221	4825	4
4221	4854	2
4221	4876	1
4221	4912	5
4221	5034	1
4221	5052	1
4221	5100	2
4221	5120	8
4221	5485	1
4221	5574	1
4221	6326	5
4221	6570	3
4221	6583	1
4221	6691	2
4221	6736	4
4221	6902	2
4221	6974	2
4221	7122	5
4221	7241	2
4221	7275	5
4221	7366	5
4221	7700	2
4221	7744	3
4221	7916	5
4221	8136	1
4221	8315	4
4221	8373	6
4221	8429	1
4221	8601	2
4221	8698	1
4221	8711	2
4221	8890	2
4221	8893	25
4221	9240	1
4221	9260	2
4221	9362	6
4258	4319	3
4258	4448	19
4258	4539	5
4258	4576	3
4258	4643	1
4258	4663	4
4258	4825	2
4258	4912	3
4258	5052	3
4258	5100	2
4258	5120	4
4258	5485	2
4258	6020	1
4258	6326	4
4258	6528	3
4258	6570	1
4258	6691	2
4258	6902	1
4258	6974	4
4258	7275	1
4258	7366	12
4258	7601	1
4258	7700	2
4258	8136	2
4258	8163	1
4258	8315	2
4258	8373	5
4258	8429	2
4258	8511	2
4258	8601	3
4258	8698	1
4258	8893	24
4258	9240	1
4258	9362	4
4319	4431	1
4319	4448	45
4319	4539	2
4319	4576	2
4319	4643	3
4319	4663	8
4319	4825	7
4319	4876	1
4319	4912	7
4319	5052	1
4319	5100	3
4319	5485	1
4319	5574	6
4319	6020	3
4319	6155	1
4319	6326	7
4319	6501	1
4319	6691	2
4319	6736	4
4319	6902	2
4319	6974	1
4319	7122	3
4319	7241	1
4319	7275	4
4319	7366	26
4319	7601	2
4319	7744	1
4319	7916	5
4319	8136	2
4319	8163	2
4319	8315	7
4319	8368	2
4319	8373	10
4319	8429	2
4319	8511	1
4319	8601	2
4319	8698	4
4319	8890	1
4319	8893	52
4319	8933	1
4319	9240	2
4319	9260	2
4319	9362	8
4319	9499	1
4319	9624	1
4431	4448	1
4431	4539	5
4431	4576	4
4431	4663	1
4431	4825	11
4431	4876	1
4431	4912	7
4431	5100	2
4431	5120	5
4431	5574	5
4431	6020	3
4431	6326	4
4431	6501	1
4431	6583	2
4431	6736	4
4431	6974	1
4431	7122	1
4431	7275	3
4431	7366	3
4431	7601	1
4431	7700	2
4431	7744	1
4431	7916	3
4431	8373	1
4431	8601	1
4431	8698	4
4431	8711	2
4431	8893	7
4431	8933	2
4431	9260	7
4431	9362	2
4431	9499	1
4448	4539	15
4448	4576	8
4448	4643	9
4448	4663	33
4448	4825	34
4448	4854	1
4448	4876	14
4448	4912	34
4448	5034	3
4448	5052	11
4448	5100	17
4448	5120	10
4448	5485	4
4448	5574	6
4448	6020	7
4448	6155	8
4448	6326	35
4448	6501	3
4448	6528	2
4448	6570	2
4448	6583	1
4448	6691	11
4448	6736	3
4448	6902	1
4448	6974	21
4448	7122	14
4448	7241	10
4448	7275	19
4448	7366	105
4448	7601	11
4448	7700	4
4448	7744	1
4448	7916	15
4448	8136	9
4448	8163	5
4448	8315	24
4448	8368	6
4448	8373	45
4448	8429	25
4448	8511	5
4448	8601	8
4448	8698	7
4448	8711	4
4448	8890	2
4448	8893	214
4448	8933	5
4448	9240	4
4448	9260	10
4448	9362	26
4448	9499	4
4448	9624	1
4539	4576	1
4539	4663	3
4539	4825	6
4539	4854	1
4539	4876	1
4539	4912	8
4539	5034	1
4539	5052	4
4539	5100	3
4539	5120	2
4539	5485	3
4539	5574	2
4539	6020	3
4539	6155	2
4539	6326	14
4539	6528	5
4539	6570	3
4539	6583	1
4539	6691	2
4539	6736	2
4539	6902	1
4539	7122	10
4539	7241	2
4539	7275	5
4539	7366	11
4539	7700	1
4539	7744	2
4539	7916	4
4539	8163	1
4539	8315	3
4539	8368	2
4539	8373	7
4539	8429	1
4539	8511	2
4539	8601	1
4539	8698	1
4539	8893	37
4539	8933	1
4539	9260	2
4539	9362	1
4539	9499	2
4539	9624	5
4576	4643	1
4576	4663	7
4576	4825	5
4576	4836	3
4576	4854	2
4576	4876	1
4576	4912	9
4576	5052	7
4576	5100	2
4576	5120	2
4576	5485	3
4576	5574	6
4576	6020	8
4576	6155	2
4576	6326	9
4576	6501	1
4576	6528	15
4576	6570	2
4576	6583	3
4576	6691	2
4576	6736	3
4576	6902	2
4576	6974	2
4576	7241	1
4576	7275	1
4576	7366	4
4576	7601	3
4576	7700	1
4576	7744	2
4576	7916	17
4576	8163	1
4576	8315	15
4576	8373	3
4576	8429	1
4576	8511	2
4576	8601	2
4576	8698	6
4576	8711	3
4576	8890	2
4576	8893	25
4576	8933	1
4576	9240	4
4576	9260	3
4576	9362	3
4576	9499	2
4576	9624	3
4643	4663	10
4643	4912	1
4643	5574	1
4643	6020	1
4643	6326	6
4643	6501	1
4643	6583	1
4643	6902	1
4643	6974	1
4643	7122	1
4643	7275	1
4643	7366	5
4643	7601	4
4643	7916	3
4643	8136	1
4643	8163	3
4643	8315	1
4643	8368	1
4643	8373	3
4643	8601	1
4643	8893	13
4643	9240	2
4643	9260	2
4643	9362	3
4663	4825	4
4663	4854	1
4663	4876	1
4663	4912	14
4663	5034	1
4663	5052	4
4663	5100	4
4663	5120	1
4663	5485	1
4663	5574	1
4663	6020	5
4663	6155	2
4663	6326	14
4663	6501	1
4663	6528	2
4663	6691	2
4663	6736	1
4663	6902	4
4663	6974	7
4663	7122	4
4663	7241	3
4663	7275	5
4663	7366	22
4663	7601	4
4663	7700	1
4663	7916	3
4663	8136	1
4663	8315	3
4663	8373	15
4663	8429	6
4663	8511	2
4663	8601	3
4663	8698	2
4663	8711	2
4663	8893	38
4663	8933	1
4663	9240	2
4663	9260	7
4663	9362	6
4663	9499	2
4825	4854	2
4825	4876	2
4825	4912	15
4825	5034	3
4825	5052	4
4825	5100	5
4825	5120	6
4825	5485	1
4825	5574	22
4825	6020	5
4825	6155	1
4825	6326	17
4825	6501	5
4825	6528	2
4825	6583	4
4825	6736	9
4825	7122	2
4825	7241	1
4825	7275	4
4825	7366	15
4825	7601	3
4825	7744	6
4825	7916	16
4825	8136	5
4825	8163	2
4825	8315	7
4825	8368	2
4825	8373	6
4825	8429	7
4825	8511	2
4825	8698	3
4825	8711	2
4825	8890	4
4825	8893	56
4825	8933	5
4825	9240	2
4825	9260	3
4825	9362	2
4825	9499	2
4825	9624	1
4836	5052	3
4836	5120	1
4836	5574	1
4836	6020	2
4836	6326	1
4836	6528	4
4836	6570	2
4836	6583	3
4836	6736	1
4836	6902	1
4836	7275	2
4836	7366	1
4836	7601	1
4836	7916	1
4836	8315	1
4836	8698	2
4836	8711	1
4836	8893	1
4836	9240	1
4836	9260	3
4836	9362	3
4854	4912	1
4854	5100	1
4854	5120	1
4854	5485	6
4854	5574	3
4854	6326	3
4854	6583	2
4854	7122	4
4854	7275	2
4854	7366	2
4854	7700	1
4854	7744	1
4854	7916	2
4854	8136	1
4854	8373	2
4854	8711	1
4854	8893	7
4854	8933	1
4854	9240	1
4854	9260	1
4854	9499	1
4876	4912	5
4876	5100	1
4876	5574	1
4876	6020	1
4876	6326	2
4876	6528	1
4876	6583	1
4876	6736	1
4876	7122	1
4876	7366	4
4876	7601	1
4876	7916	1
4876	8373	5
4876	8698	1
4876	8893	13
4876	8933	1
4876	9260	7
4876	9362	2
4876	9499	1
4912	5034	5
4912	5052	1
4912	5100	9
4912	5120	13
4912	5485	2
4912	5574	5
4912	6020	6
4912	6155	4
4912	6326	8
4912	6501	1
4912	6528	3
4912	6570	1
4912	6691	2
4912	6736	2
4912	6902	3
4912	6974	5
4912	7122	7
4912	7241	6
4912	7275	5
4912	7366	24
4912	7601	4
4912	7700	9
4912	7916	5
4912	8136	2
4912	8163	1
4912	8315	8
4912	8368	1
4912	8373	12
4912	8429	5
4912	8511	2
4912	8601	3
4912	8711	2
4912	8893	55
4912	8933	1
4912	9240	3
4912	9260	10
4912	9362	8
4912	9499	2
5034	5120	6
5034	6155	3
5034	6326	2
5034	6691	1
5034	6974	1
5034	7122	2
5034	7241	1
5034	7275	2
5034	7366	1
5034	7700	4
5034	7916	5
5034	8315	1
5034	8429	1
5034	8698	1
5034	8711	1
5034	8893	6
5034	9240	1
5034	9362	2
5052	5100	6
5052	5574	5
5052	6020	5
5052	6326	5
5052	6528	2
5052	6583	8
5052	6736	3
5052	6902	2
5052	6974	1
5052	7241	1
5052	7275	2
5052	7366	10
5052	7700	1
5052	7916	1
5052	8163	1
5052	8315	5
5052	8368	5
5052	8373	2
5052	8429	1
5052	8511	2
5052	8698	2
5052	8893	17
5052	8933	1
5052	9240	2
5052	9260	9
5052	9362	6
5052	9499	4
5100	5120	8
5100	5485	3
5100	5574	4
5100	6020	6
5100	6326	12
5100	6501	1
5100	6570	1
5100	6583	4
5100	6736	1
5100	6902	4
5100	6974	2
5100	7122	2
5100	7241	3
5100	7275	7
5100	7366	12
5100	7601	4
5100	7700	3
5100	7916	3
5100	8163	1
5100	8315	5
5100	8368	3
5100	8373	7
5100	8429	3
5100	8511	1
5100	8601	5
5100	8698	1
5100	8893	40
5100	8933	1
5100	9240	5
5100	9260	9
5100	9362	7
5100	9499	3
5120	5485	3
5120	5574	6
5120	6020	2
5120	6155	4
5120	6326	14
5120	6528	5
5120	6570	3
5120	6583	2
5120	6691	5
5120	6736	2
5120	6902	1
5120	6974	1
5120	7122	6
5120	7241	1
5120	7275	4
5120	7366	4
5120	7601	1
5120	7700	17
5120	7916	11
5120	8373	1
5120	8429	2
5120	8601	2
5120	8698	1
5120	8711	5
5120	8890	3
5120	8893	39
5120	8933	2
5120	9240	1
5120	9362	3
5120	9499	1
5120	9624	3
5485	5574	3
5485	6020	1
5485	6326	13
5485	6528	3
5485	6570	2
5485	6736	1
5485	7122	1
5485	7275	2
5485	7366	7
5485	7601	2
5485	7916	8
5485	8136	2
5485	8373	2
5485	8429	1
5485	8698	1
5485	8711	2
5485	8890	2
5485	8893	20
5485	8933	1
5485	9260	3
5485	9362	3
5485	9624	1
5574	6020	3
5574	6326	18
5574	6501	7
5574	6528	3
5574	6583	10
5574	6736	14
5574	6974	1
5574	7122	1
5574	7275	3
5574	7366	10
5574	7601	2
5574	7700	1
5574	7744	8
5574	7916	21
5574	8163	10
5574	8315	6
5574	8368	3
5574	8373	6
5574	8511	1
5574	8601	2
5574	8698	7
5574	8711	1
5574	8890	10
5574	8893	22
5574	8933	1
5574	9240	3
5574	9260	4
5574	9362	4
5574	9624	1
6020	6155	3
6020	6326	4
6020	6528	6
6020	6570	2
6020	6583	2
6020	6691	1
6020	6902	3
6020	6974	4
6020	7241	1
6020	7275	3
6020	7366	6
6020	7601	2
6020	7700	5
6020	7916	2
6020	8136	1
6020	8315	3
6020	8368	1
6020	8373	4
6020	8698	2
6020	8890	1
6020	8893	18
6020	8933	2
6020	9260	7
6020	9362	3
6020	9499	3
6020	9624	3
6155	6528	2
6155	6974	1
6155	7275	1
6155	7366	5
6155	7601	2
6155	7700	6
6155	7916	1
6155	8373	2
6155	8601	1
6155	8893	7
6155	9260	2
6155	9362	1
6155	9499	2
6326	6501	3
6326	6528	8
6326	6583	2
6326	6691	2
6326	6736	3
6326	6902	2
6326	6974	7
6326	7122	4
6326	7241	2
6326	7275	12
6326	7366	33
6326	7601	5
6326	7700	5
6326	7744	1
6326	7916	15
6326	8136	1
6326	8163	4
6326	8315	4
6326	8368	6
6326	8373	22
6326	8429	1
6326	8511	3
6326	8601	7
6326	8698	4
6326	8711	1
6326	8893	77
6326	8933	4
6326	9240	4
6326	9260	9
6326	9362	4
6326	9499	2
6326	9624	4
6501	6528	1
6501	6736	1
6501	7275	1
6501	7366	2
6501	7601	1
6501	7744	1
6501	7916	4
6501	8163	1
6501	8315	2
6501	8368	2
6501	8429	1
6501	8511	1
6501	8890	4
6501	8893	5
6501	8933	1
6501	9240	1
6501	9260	2
6501	9362	1
6528	6570	9
6528	6902	5
6528	6974	2
6528	7275	1
6528	7366	4
6528	7601	2
6528	7700	1
6528	7916	14
6528	8163	1
6528	8315	13
6528	8368	2
6528	8373	1
6528	8429	1
6528	8511	3
6528	8601	2
6528	8698	3
6528	8711	1
6528	8890	4
6528	8893	13
6528	8933	2
6528	9240	5
6528	9624	8
6570	6736	2
6570	6902	2
6570	7366	2
6570	7601	1
6570	7916	9
6570	8315	7
6570	8368	1
6570	8511	1
6570	8601	1
6570	8698	1
6570	8890	2
6570	8893	3
6570	8933	1
6570	9240	2
6570	9624	1
6583	6736	7
6583	6902	1
6583	6974	1
6583	7241	1
6583	7275	4
6583	7366	6
6583	7601	1
6583	7700	1
6583	7744	1
6583	7916	1
6583	8315	2
6583	8368	3
6583	8511	1
6583	8698	3
6583	8890	2
6583	8893	12
6583	9260	6
6583	9362	5
6583	9499	4
6691	6974	1
6691	7122	1
6691	7275	1
6691	7366	4
6691	7700	3
6691	7744	2
6691	8373	1
6691	8429	2
6691	8601	1
6691	8893	11
6691	9362	1
6736	6974	1
6736	7275	2
6736	7366	2
6736	7700	1
6736	7744	5
6736	7916	7
6736	8163	5
6736	8315	1
6736	8368	1
6736	8373	2
6736	8601	1
6736	8698	3
6736	8890	1
6736	8893	9
6736	9240	3
6736	9260	1
6736	9362	3
6736	9624	2
6902	7241	1
6902	7275	2
6902	7601	1
6902	7700	1
6902	7916	1
6902	8315	2
6902	8373	3
6902	8429	1
6902	8511	1
6902	8711	1
6902	8890	1
6902	8893	9
6902	9260	6
6902	9624	1
6974	7275	2
6974	7366	16
6974	7601	1
6974	7700	1
6974	7916	1
6974	8315	1
6974	8373	5
6974	8429	4
6974	8601	3
6974	8893	23
6974	9240	1
6974	9260	3
6974	9362	4
6974	9499	1
7122	7241	6
7122	7275	2
7122	7366	6
7122	7601	2
7122	7700	5
7122	7916	4
7122	8163	1
7122	8315	2
7122	8368	1
7122	8373	7
7122	8429	3
7122	8698	1
7122	8711	1
7122	8893	30
7122	9240	3
7122	9260	2
7122	9362	2
7122	9499	1
7241	7275	1
7241	7366	1
7241	7601	1
7241	7700	3
7241	7916	1
7241	8373	3
7241	8429	3
7241	8511	1
7241	8698	1
7241	8893	12
7241	9260	1
7241	9362	1
7241	9624	1
7275	7366	16
7275	7700	2
7275	7744	1
7275	7916	5
7275	8136	1
7275	8163	1
7275	8315	1
7275	8368	1
7275	8373	5
7275	8511	1
7275	8601	1
7275	8698	3
7275	8711	1
7275	8890	2
7275	8893	20
7275	9260	4
7275	9362	4
7275	9499	3
7366	7601	4
7366	7700	7
7366	7744	2
7366	7916	9
7366	8136	4
7366	8163	3
7366	8315	11
7366	8368	9
7366	8373	33
7366	8429	10
7366	8511	1
7366	8601	7
7366	8698	3
7366	8711	2
7366	8890	1
7366	8893	147
7366	8933	5
7366	9240	8
7366	9260	19
7366	9362	16
7366	9499	3
7366	9624	1
7601	7700	3
7601	7916	2
7601	8136	2
7601	8163	1
7601	8315	6
7601	8368	1
7601	8373	3
7601	8601	3
7601	8893	17
7601	8933	1
7601	9240	5
7601	9260	6
7601	9499	1
7601	9624	1
7700	7916	2
7700	8315	2
7700	8373	1
7700	8711	1
7700	8893	18
7700	9240	1
7700	9260	2
7700	9362	3
7700	9499	1
7744	7916	2
7744	8163	4
7744	8368	1
7744	8373	1
7744	8601	1
7744	8890	3
7744	8893	3
7744	9499	2
7916	8163	2
7916	8315	8
7916	8368	2
7916	8373	4
7916	8429	3
7916	8601	3
7916	8698	7
7916	8711	3
7916	8890	7
7916	8893	33
7916	8933	3
7916	9240	3
7916	9260	7
7916	9362	2
7916	9499	1
7916	9624	8
8136	8315	3
8136	8373	1
8136	8601	1
8136	8698	1
8136	8711	1
8136	8890	1
8136	8893	12
8136	9240	1
8136	9260	1
8136	9362	2
8163	8315	2
8163	8511	1
8163	8890	2
8163	8893	11
8163	9240	2
8163	9362	1
8315	8368	2
8315	8373	5
8315	8429	2
8315	8601	1
8315	8711	1
8315	8893	46
8315	8933	4
8315	9240	8
8315	9260	2
8315	9362	4
8315	9499	1
8315	9624	1
8368	8373	5
8368	8511	1
8368	8601	1
8368	8698	1
8368	8890	1
8368	8893	14
8368	9240	1
8368	9260	4
8368	9362	3
8368	9499	3
8373	8429	2
8373	8601	3
8373	8698	3
8373	8711	1
8373	8893	56
8373	9240	1
8373	9260	9
8373	9362	4
8373	9499	1
8373	9624	1
8429	8601	1
8429	8711	2
8429	8890	2
8429	8893	26
8429	8933	2
8429	9260	1
8429	9362	2
8429	9624	1
8511	8711	1
8511	8893	9
8511	9260	4
8511	9362	2
8511	9624	1
8601	8698	1
8601	8893	14
8601	9240	1
8601	9624	1
8698	8711	1
8698	8890	3
8698	8893	7
8698	8933	1
8698	9260	3
8698	9362	3
8698	9499	1
8711	8893	13
8711	9240	1
8711	9624	1
8890	8893	5
8890	8933	2
8890	9240	1
8890	9624	1
8893	8933	11
8893	9240	18
8893	9260	30
8893	9362	26
8893	9499	5
8893	9624	8
8933	9240	1
8933	9260	1
8933	9362	1
9240	9260	2
9240	9362	1
9240	9624	2
9260	9362	6
9260	9499	9
9362	9499	3
9362	9624	1
